Program_Name;Module_Name
AADVC;Account_Management
AAFRC;Account_Management
AC2IC;Account_Management
ACH2C;Account_Management
ACHAC;Account_Management
ACHIC;Account_Management
ACHIF;Account_Management
ADEIC;Account_Management
ADEIC;Account_Management
ADEIF;Account_Management
ADEIF;Account_Management
ADETS;Account_Management
ADETS;Account_Management
AINIC;Account_Management
ALACPINT;TECHNICAL_KERNEL
ALADBAL;TECHNICAL_KERNEL
ALANTUS;TECHNICAL_KERNEL
ALCHKDEC;TECHNICAL_KERNEL
ALCNVCLSAC;TECHNICAL_KERNEL
ALCONDCUST;TECHNICAL_KERNEL
ALCONDCUST;TECHNICAL_KERNEL
ALDETHOF;TECHNICAL_KERNEL
ALDLAVGBAL;TECHNICAL_KERNEL
ALDLCBITAC;TECHNICAL_KERNEL
ALDLCBITAC;TECHNICAL_KERNEL
ALDLCTPSIS;TECHNICAL_KERNEL
ALDLCTPSIS;TECHNICAL_KERNEL
ALDLCUSBAL;TECHNICAL_KERNEL
ALDLLADETS;TECHNICAL_KERNEL
ALDLLADETS;TECHNICAL_KERNEL
ALDLLCUSAC;TECHNICAL_KERNEL
ALDLLCUSAC;TECHNICAL_KERNEL
ALDLLLCBNS;TECHNICAL_KERNEL
ALDLLLCBNS;TECHNICAL_KERNEL
ALDLSUMVT;TECHNICAL_KERNEL
ALFOLCHK;TECHNICAL_KERNEL
ALFOLCHK;TECHNICAL_KERNEL
ALFOLDIR;TECHNICAL_KERNEL
ALFOLDIR;TECHNICAL_KERNEL
ALGENINTCD;TECHNICAL_KERNEL
ALGENINTCD;TECHNICAL_KERNEL
ALINTINT;TECHNICAL_KERNEL
ALINTINT;TECHNICAL_KERNEL
ALINTREP;TECHNICAL_KERNEL
ALINTREP;TECHNICAL_KERNEL
ALINTRES;TECHNICAL_KERNEL
ALINTRES;TECHNICAL_KERNEL
ALJSTCON;TECHNICAL_KERNEL
ALJSTCON;TECHNICAL_KERNEL
ALLSTADETS;TECHNICAL_KERNEL
ALRTBKELIS;TECHNICAL_KERNEL
ALRTBKELIS;TECHNICAL_KERNEL
ALSIHINT;TECHNICAL_KERNEL
ALSPCDTAUT;TECHNICAL_KERNEL
ALSPCDTAUT;TECHNICAL_KERNEL
ALTAXHST;TECHNICAL_KERNEL
ALTAXHST;TECHNICAL_KERNEL
ALTAXKOL;TECHNICAL_KERNEL
ALTAXKOL;TECHNICAL_KERNEL
ALUIC001;TECHNICAL_KERNEL
ALUIC001;TECHNICAL_KERNEL
ALUNUSEDRL;TECHNICAL_KERNEL
ALUNUSEDRL;TECHNICAL_KERNEL
ANOSC;Account_Management
ANOSC;Account_Management
AREIC;Account_Management
AREIC;Account_Management
AREIF;Account_Management
ARETC;Account_Management
ASPAM;Account_Management
ASPIF;Account_Management
ASPIM;Account_Management
ATAXM;Account_Management
ATECC;Account_Management
ATXCM;Account_Management
AUATRDODEL;TECHNICAL_KERNEL
AUATRDODEL;TECHNICAL_KERNEL
AUAUDINVCE;Account_Management
AUAUDINVCE;TECHNICAL_KERNEL
AUAUDINVCE;TECHNICAL_KERNEL
AUBKEFOLRT;Finance
AUBKEGEN;TECHNICAL_KERNEL
AUBKEGEN;Account_Management
AUBKEGENRT;Finance
AUBKEGENRT;Account_Management
AUBKEGENRV;TECHNICAL_KERNEL
AUBKEGENRV;Account_Management
AUBKELIS;TECHNICAL_KERNEL
AUCHACAL;Account_Management
AUCHACAL;TECHNICAL_KERNEL
AUCHASTD;TECHNICAL_KERNEL
AUCHASTD;TECHNICAL_KERNEL
AUCLNADETS;TECHNICAL_KERNEL
AUCLNADETS;TECHNICAL_KERNEL
AUCLNHVB;TECHNICAL_KERNEL
AUCLSACC;TECHNICAL_KERNEL
AUCLSACC;Account_Management
AUCLSACC;Account_Management
AUCLSNOS;TECHNICAL_KERNEL
AUCLSNOS;Account_Management
AUCNVACC;TECHNICAL_KERNEL
AUCNVACC;Account_Management
AUCNVACC;Account_Management
AUCOVCAL;TECHNICAL_KERNEL
AUCRADV;Account_Management
AUCRADV;TECHNICAL_KERNEL
AUCRADV;TECHNICAL_KERNEL
AUDACBAL;TECHNICAL_KERNEL
AUDACBAL;Finance
AUDACBAL;Account_Management
AUDACBAL;Account_Management
AUDACBAL;Lending
AUEURACC;TECHNICAL_KERNEL
AUEURACC;Account_Management
AUEURPOL1;TECHNICAL_KERNEL
AUEURPOL1;TECHNICAL_KERNEL
AUEURPOL1;Account_Management
AUHKGINBRA;Account_Management
AUHKGINBRA;TECHNICAL_KERNEL
AUHKGINBRA;TECHNICAL_KERNEL
AUINTCAL;Account_Management
AUINTCAL;TECHNICAL_KERNEL
AUINTCAL;TECHNICAL_KERNEL
AUINTCAL;Account_Management
AUINTCAL;Account_Management
AUINTCFD;Account_Management
AUINTCFD;TECHNICAL_KERNEL
AUINTCFD;TECHNICAL_KERNEL
AUINTCFD;Account_Management
AUINTCFD;Account_Management
AULDGMINT;TECHNICAL_KERNEL
AULDGMINT;TECHNICAL_KERNEL
AULDGMINT;Account_Management
AULDNCPINT;Account_Management
AULDNCPINT;TECHNICAL_KERNEL
AULDNCPINT;Account_Management
AULDNCPINT;TECHNICAL_KERNEL
AULOADMDC;TECHNICAL_KERNEL
AULOADMDC;Account_Management
AUMDCDUP;TECHNICAL_KERNEL
AUMDCDUP;TECHNICAL_KERNEL
AUMDCFUP;TECHNICAL_KERNEL
AUMDCFUP;TECHNICAL_KERNEL
AUMDCREP;TECHNICAL_KERNEL
AUMDCREP;TECHNICAL_KERNEL
AUMVTCLN;TECHNICAL_KERNEL
AUMVTCLN;TECHNICAL_KERNEL
AUNTUDEL;TECHNICAL_KERNEL
AUOLDBVA;TECHNICAL_KERNEL
AUPDGMINT;TECHNICAL_KERNEL
AUPDGMINT;Account_Management
AUPURACPI;TECHNICAL_KERNEL
AUPURACPI;TECHNICAL_KERNEL
AUSTMKOC;TECHNICAL_KERNEL
AUSTMKOC;TECHNICAL_KERNEL
AUSTMLOJ;TECHNICAL_KERNEL
AUSTMLOJ;TECHNICAL_KERNEL
AUSTMLOJ;Payment_And_Cash_Management
AUSTMPR2;TECHNICAL_KERNEL
AUSTMPR2;TECHNICAL_KERNEL
AUTLLWP;TECHNICAL_KERNEL
AUTLLWP;TECHNICAL_KERNEL
CLWHTSDT;TECHNICAL_KERNEL
CLWHTSDT;TECHNICAL_KERNEL
CUDLYABN;Account_Management
CUDLYABN;TECHNICAL_KERNEL
CUSHRCUSTM;TECHNICAL_KERNEL
CUSHRCUSTM;TECHNICAL_KERNEL
DCTIM;Account_Management
DLACCDWH;TECHNICAL_KERNEL
DLACCDWH;TECHNICAL_KERNEL
DLCFATF7AD;TECHNICAL_KERNEL
DLCFATF7AD;TECHNICAL_KERNEL
DLCUSMVTPT;TECHNICAL_KERNEL
DLCUSMVTPT;TECHNICAL_KERNEL
DLDLCCLCUS;TECHNICAL_KERNEL
DLDLLINTIT;TECHNICAL_KERNEL
DLDLLINTIT;TECHNICAL_KERNEL
DLDLLPBINT;TECHNICAL_KERNEL
DLDLLPBINT;TECHNICAL_KERNEL
DLDLLPBOS;TECHNICAL_KERNEL
DLDLLPBOS;TECHNICAL_KERNEL
DLDLLPBPF;TECHNICAL_KERNEL
DLDLLPBPF;TECHNICAL_KERNEL
DLICMACC;TECHNICAL_KERNEL
DLICMACC;TECHNICAL_KERNEL
DLLSBTAX;TECHNICAL_KERNEL
DLLSBTAX;TECHNICAL_KERNEL
DLPRINTSTD;TECHNICAL_KERNEL
DLPRINTSTD;TECHNICAL_KERNEL
DLSMCTAM1;TECHNICAL_KERNEL
DLSMCTAM2;TECHNICAL_KERNEL
DLSMCTPIM1;TECHNICAL_KERNEL
DLSMCTPIM1;TECHNICAL_KERNEL
DLSMCTPIM2;TECHNICAL_KERNEL
DUACCBLK;TECHNICAL_KERNEL
DUACCBLK;TECHNICAL_KERNEL
DUCALCOSTS;Account_Management
DUCALCOSTS;TECHNICAL_KERNEL
DUCALCOSTS;TECHNICAL_KERNEL
DUCALCSTD;Account_Management
DUCALCSTD;TECHNICAL_KERNEL
DUCALCSTD;TECHNICAL_KERNEL
DULDCUSPBO;TECHNICAL_KERNEL
DULDCUSPBO;TECHNICAL_KERNEL
DULDCUSPBO;Account_Management
DULDCUSPBO;Account_Management
DULDCUSPBO;Account_Management
DULDCUSPBO;Account_Management
DULDCUSPBO;Account_Management
DULDCUSPBO;Account_Management
DULDCUSPBO;Account_Management
DULDCUSPBO;TECHNICAL_KERNEL
DULDCUSPBO;Account_Management
DULDCUSPBO;Account_Management
DULDCUSTM;TECHNICAL_KERNEL
DULDCUSTM;TECHNICAL_KERNEL
DULDSEBIL;TECHNICAL_KERNEL
DULDSEBIL;TECHNICAL_KERNEL
DULDSEBIL;TECHNICAL_KERNEL
DUSWFCCR;TECHNICAL_KERNEL
DUSWFCCR;TECHNICAL_KERNEL
GPRTA;Account_Management
GUFFTFIX;TECHNICAL_KERNEL
GUFFTFIX;TECHNICAL_KERNEL
GUGPRTO;TECHNICAL_KERNEL
GUGPRTO;TECHNICAL_KERNEL
HGLOADMDC;Account_Management
IBATA;Account_Management
IINIF;Account_Management
IINIM;MDM_Management
IINIM;MDM_Management
IINTM;Account_Management
IINTM;MDM_Management
ILAUDFFTTM;TECHNICAL_KERNEL
ILAUDFFTTM;TECHNICAL_KERNEL
ILAUDITFFT;TECHNICAL_KERNEL
ILAUDITFFT;TECHNICAL_KERNEL
ILAUDITLO3;TECHNICAL_KERNEL
ILAUDITLO3;TECHNICAL_KERNEL
ILAUDITLON;TECHNICAL_KERNEL
ILAUDITLON;TECHNICAL_KERNEL
ILINTBASRT;TECHNICAL_KERNEL
ILINTBASRT;TECHNICAL_KERNEL
ILNOSDTFUT;TECHNICAL_KERNEL
ILNOSDTFUT;TECHNICAL_KERNEL
ILNOSDTPO2;TECHNICAL_KERNEL
ILNOSDTPO2;TECHNICAL_KERNEL
ILNOSDTPOS;TECHNICAL_KERNEL
ILNOSDTPOS;TECHNICAL_KERNEL
IUCLRATE;TECHNICAL_KERNEL
JAAUAHLBO;Account_Management
JAAUAHLBO;Account_Management
LCBIM;Account_Management
LCBNM;Account_Management
LCI1C;Account_Management
LCI2C;Account_Management
LCI3C;Account_Management
LCI4C;Account_Management
LCI5C;Account_Management
LCI6C;Account_Management
LCI7C;Account_Management
LCP1C;Account_Management
LCP1C;Account_Management
LCT3C;Account_Management
LCT3C;Account_Management
LCTIF;Account_Management
LCTIF;Account_Management
LCTSM;Account_Management
LELIC;Account_Management
LELIF;Account_Management
LLCTPCLI;TECHNICAL_KERNEL
LLCTPCLI;TECHNICAL_KERNEL
LLPACBAL;TECHNICAL_KERNEL
LLPACTRA;TECHNICAL_KERNEL
LOJCORO;Account_Management
LOJDINR;TECHNICAL_KERNEL
LPHIC;Account_Management
LPHIF;Account_Management
LPI1M;Account_Management
LPI1M;Account_Management
LPI2M;Account_Management
LPI2M;Account_Management
LPI2M;Account_Management
LPI3M;Account_Management
LPI3M;MDM_Management
LPIFM;Account_Management
LPIIM;Account_Management
LPILM;Account_Management
LPILM;MDM_Management
LPSIC;Account_Management
LPSIC;Account_Management
LPSIC;MDM_Management
LPSIF;Account_Management
LPSIF;Account_Management
LPSIF;Account_Management
LPSNS;Account_Management
LPSNS;Account_Management
LPTIF;Account_Management
LPTIF;Account_Management
LPTIF;Account_Management
LPTIF;Account_Management
LPTIF;Account_Management
LUCBNRIS;TECHNICAL_KERNEL
LUCBNRIS;TECHNICAL_KERNEL
LUCLNPSNAD;TECHNICAL_KERNEL
LUCTPRIS;TECHNICAL_KERNEL
LUCTPRIS;TECHNICAL_KERNEL
LULDCUSDUB;TECHNICAL_KERNEL
LULDCUSDUB;TECHNICAL_KERNEL
LULDCUSDUB;Account_Management
LULDCUSDUB;Account_Management
LULDCUSDUB;Account_Management
LULDCUSDUB;Account_Management
LULDCUSDUB;Account_Management
LULDCUSDUB;Account_Management
LULOADBCOR;TECHNICAL_KERNEL
LULOADBCOR;TECHNICAL_KERNEL
LULOADBCOR;Account_Management
MICDA;Account_Management
MUPMNTSIN;Account_Management
MUPMNTSIN;TECHNICAL_KERNEL
MUPMNTSIN;TECHNICAL_KERNEL
MUPMNTSIN;Account_Management
RUCHQCLRSC;Account_Management
RUCHQCLRSC;TECHNICAL_KERNEL
RUCHQVALSC;TECHNICAL_KERNEL
RUCHQVALSC;TECHNICAL_KERNEL
TLDLLRIS2;TECHNICAL_KERNEL
TLDLVORTE2;TECHNICAL_KERNEL
TLDLVORTE2;TECHNICAL_KERNEL
TLDLVORTE3;TECHNICAL_KERNEL
TLDLVORTE3;TECHNICAL_KERNEL
TOBARACCO2;Account_Management
GP-052GETNXTIBATO;Account_Management
GP-128-DCTRO;Account_Management
GR-003REPERRORS;TECHNICAL_KERNEL
IP-008AEINVMO;Account_Management
IP-008ANNUNVM;Account_Management
AAISC;Finance
AAISC;Finance
ABA2C;Finance
AIBRM;MDM_Management
AJSTC;Finance
ALACCJUS1;TECHNICAL_KERNEL
ALACCJUS1;TECHNICAL_KERNEL
ALACCJUS6;TECHNICAL_KERNEL
ALACCJUS6;TECHNICAL_KERNEL
ALACCJUS8;TECHNICAL_KERNEL
ALACCJUS9;TECHNICAL_KERNEL
ALACCLST;TECHNICAL_KERNEL
ALACCLST;TECHNICAL_KERNEL
ALADLGS;TECHNICAL_KERNEL
ALADLGS;TECHNICAL_KERNEL
ALAFRAUT;TECHNICAL_KERNEL
ALAFRAUT;TECHNICAL_KERNEL
ALARETAUT;TECHNICAL_KERNEL
ALARETAUT;TECHNICAL_KERNEL
ALAUBKEBKT;TECHNICAL_KERNEL
ALAUBKETAB;TECHNICAL_KERNEL
ALAUBKETAB;TECHNICAL_KERNEL
ALAUBKETRC;TECHNICAL_KERNEL
ALAUBKETRT;TECHNICAL_KERNEL
ALAUDINVCE;TECHNICAL_KERNEL
ALAUDINVCE;TECHNICAL_KERNEL
ALBA1AUT;TECHNICAL_KERNEL
ALBA1AUT;TECHNICAL_KERNEL
ALBA1S;TECHNICAL_KERNEL
ALBA1S;TECHNICAL_KERNEL
ALBASS;TECHNICAL_KERNEL
ALBASS;TECHNICAL_KERNEL
ALBDP001;TECHNICAL_KERNEL
ALBDP001;TECHNICAL_KERNEL
ALBILHOF;TECHNICAL_KERNEL
ALBILHOF;TECHNICAL_KERNEL
ALBOE052;TECHNICAL_KERNEL
ALBOE052;TECHNICAL_KERNEL
ALBSH187;TECHNICAL_KERNEL
ALBSH187;TECHNICAL_KERNEL
ALBSH188;TECHNICAL_KERNEL
ALBSH188;TECHNICAL_KERNEL
ALBSH500;TECHNICAL_KERNEL
ALBSH500;TECHNICAL_KERNEL
ALBSH600;TECHNICAL_KERNEL
ALBSH600;TECHNICAL_KERNEL
ALBSHHOF;TECHNICAL_KERNEL
ALBSHHOF;TECHNICAL_KERNEL
ALBSHXLS;TECHNICAL_KERNEL
ALBSHXLS;TECHNICAL_KERNEL
ALCAUSSTQ;TECHNICAL_KERNEL
ALCAUSSTQ;TECHNICAL_KERNEL
ALCBI001;TECHNICAL_KERNEL
ALCBI001;TECHNICAL_KERNEL
ALCHARGES;TECHNICAL_KERNEL
ALCHARGES;TECHNICAL_KERNEL
ALCPLBAL;TECHNICAL_KERNEL
ALCPLBAL;TECHNICAL_KERNEL
ALDETAUT;TECHNICAL_KERNEL
ALDETAUT;TECHNICAL_KERNEL
ALDETBSC;TECHNICAL_KERNEL
ALDETBSC;TECHNICAL_KERNEL
ALDETBSH;TECHNICAL_KERNEL
ALDETBSH;TECHNICAL_KERNEL
ALDETPOL;TECHNICAL_KERNEL
ALDETPOL;TECHNICAL_KERNEL
ALDLCBITCS;TECHNICAL_KERNEL
ALDLCBITCS;TECHNICAL_KERNEL
ALDLCBITLC;TECHNICAL_KERNEL
ALDLCBITMV;TECHNICAL_KERNEL
ALDLCBITMV;TECHNICAL_KERNEL
ALDLCBRCTP;TECHNICAL_KERNEL
ALDLCBRPT;TECHNICAL_KERNEL
ALDLL372NY;TECHNICAL_KERNEL
ALDLL372NY;TECHNICAL_KERNEL
ALDLLABA1S;TECHNICAL_KERNEL
ALDLLABA1S;TECHNICAL_KERNEL
ALDLLACCR;TECHNICAL_KERNEL
ALDLLACCR;TECHNICAL_KERNEL
ALDLLAWV;TECHNICAL_KERNEL
ALDLLBALBV;TECHNICAL_KERNEL
ALDLLBALBV;TECHNICAL_KERNEL
ALDLLBOS;TECHNICAL_KERNEL
ALDLLBOS;TECHNICAL_KERNEL
ALDLLCPCA;TECHNICAL_KERNEL
ALDLLCPCA;TECHNICAL_KERNEL
ALDLLCRSGE;TECHNICAL_KERNEL
ALDLLCUST;TECHNICAL_KERNEL
ALDLLGRP1;TECHNICAL_KERNEL
ALDLLGRP1;TECHNICAL_KERNEL
ALDLLGXINV;TECHNICAL_KERNEL
ALDLLGXINV;TECHNICAL_KERNEL
ALDLLINT2;TECHNICAL_KERNEL
ALDLLINT2;TECHNICAL_KERNEL
ALDLLTOTB;TECHNICAL_KERNEL
ALDLLTOTB;TECHNICAL_KERNEL
ALDLLXNPVB;TECHNICAL_KERNEL
ALDLREPRSK;TECHNICAL_KERNEL
ALDLREPSUB;TECHNICAL_KERNEL
ALDRMACC;TECHNICAL_KERNEL
ALDRMACC;TECHNICAL_KERNEL
ALESPBSH;TECHNICAL_KERNEL
ALESPBSH;TECHNICAL_KERNEL
ALEXCRAT01;TECHNICAL_KERNEL
ALEXCRAT01;TECHNICAL_KERNEL
ALHKM001;TECHNICAL_KERNEL
ALHKM001;TECHNICAL_KERNEL
ALHKME01;TECHNICAL_KERNEL
ALHKME01;TECHNICAL_KERNEL
ALHKMF01;TECHNICAL_KERNEL
ALHKMF01;TECHNICAL_KERNEL
ALHKMI01;TECHNICAL_KERNEL
ALHKMI01;TECHNICAL_KERNEL
ALHKMJ01;TECHNICAL_KERNEL
ALHKMJ01;TECHNICAL_KERNEL
ALHKMK01;TECHNICAL_KERNEL
ALHKMK01;TECHNICAL_KERNEL
ALHKML01;TECHNICAL_KERNEL
ALHKML01;TECHNICAL_KERNEL
ALHKMM01;TECHNICAL_KERNEL
ALHKMM01;TECHNICAL_KERNEL
ALHKMS01;TECHNICAL_KERNEL
ALHKMS01;TECHNICAL_KERNEL
ALHKMX01;TECHNICAL_KERNEL
ALHKMX01;TECHNICAL_KERNEL
ALINTBAL;TECHNICAL_KERNEL
ALINTBAL;TECHNICAL_KERNEL
ALLBRAUT;TECHNICAL_KERNEL
ALLBRAUT;TECHNICAL_KERNEL
ALLZB001;TECHNICAL_KERNEL
ALLZB001;TECHNICAL_KERNEL
ALMRGGAL;TECHNICAL_KERNEL
ALMRGGAL;TECHNICAL_KERNEL
ALMVTFUT;TECHNICAL_KERNEL
ALMVTFUT;TECHNICAL_KERNEL
ALMVTREP1;TECHNICAL_KERNEL
ALMVTREP1;TECHNICAL_KERNEL
ALMVTREP2;TECHNICAL_KERNEL
ALMVTREP2;TECHNICAL_KERNEL
ALMVTREP3;TECHNICAL_KERNEL
ALMVTREP3;TECHNICAL_KERNEL
ALMVTREP4;TECHNICAL_KERNEL
ALMVTREP4;TECHNICAL_KERNEL
ALMVTREPI;TECHNICAL_KERNEL
ALMVTREPIT;TECHNICAL_KERNEL
ALMVTREPIT;TECHNICAL_KERNEL
ALNDM;Finance
ALOVDETS;TECHNICAL_KERNEL
ALPORBSH;TECHNICAL_KERNEL
ALPORBSH;TECHNICAL_KERNEL
ALRBRCHK;TECHNICAL_KERNEL
ALRBRCHK;TECHNICAL_KERNEL
ALRBRO;TECHNICAL_KERNEL
ALRBRO;TECHNICAL_KERNEL
ALRESHIS;TECHNICAL_KERNEL
ALRESHIS;TECHNICAL_KERNEL
ALROOTBKT;TECHNICAL_KERNEL
ALROOTBKT;TECHNICAL_KERNEL
ALSDTAXAUT;TECHNICAL_KERNEL
ALSDTAXAUT;TECHNICAL_KERNEL
ALTABABSL;TECHNICAL_KERNEL
ALTLLCNV;TECHNICAL_KERNEL
ALTLLCNV;TECHNICAL_KERNEL
ALVERPL;TECHNICAL_KERNEL
ALVERPL;TECHNICAL_KERNEL
AMDCC;Finance
AMDCC;Account_Management
AMDCF;Finance
AMDCG;Finance
AMDCH;Finance
ARBRM;Finance
ARCDM;Finance
AROTM;Finance
ASTDM;Finance
AUACRRPR;TECHNICAL_KERNEL
AUACRRPR;TECHNICAL_KERNEL
AUACRRPR01;TECHNICAL_KERNEL
AUACRRPR01;TECHNICAL_KERNEL
AUACRRPR02;TECHNICAL_KERNEL
AUACRRPR02;TECHNICAL_KERNEL
AUATRCSDUP;TECHNICAL_KERNEL
AUBA1DEL;TECHNICAL_KERNEL
AUBA1DEL;TECHNICAL_KERNEL
AUBASS;TECHNICAL_KERNEL
AUBASS;TECHNICAL_KERNEL
AUBATDTE;TECHNICAL_KERNEL
AUBATDTE;TECHNICAL_KERNEL
AUCHKCAT;TECHNICAL_KERNEL
AUCLSACC1;TECHNICAL_KERNEL
AUCNVADETS;TECHNICAL_KERNEL
AUCNVADETS;TECHNICAL_KERNEL
AUDELGRID;TECHNICAL_KERNEL
AUDELGRID;TECHNICAL_KERNEL
AUDLLTAT;TECHNICAL_KERNEL
AUDLLTAT;TECHNICAL_KERNEL
AUDRMACC;TECHNICAL_KERNEL
AUDRMACC;TECHNICAL_KERNEL
AUDTEASP;TECHNICAL_KERNEL
AUDTEASP;TECHNICAL_KERNEL
AUEOYPOSE;TECHNICAL_KERNEL
AUEURPOL0;TECHNICAL_KERNEL
AUEURPOL0;TECHNICAL_KERNEL
AUEURPOL2;TECHNICAL_KERNEL
AUEURPOL2;TECHNICAL_KERNEL
AUEXRDEV;TECHNICAL_KERNEL
AUEXRDEV;TECHNICAL_KERNEL
AUFCMJAN;TECHNICAL_KERNEL
AUFCMJAN;TECHNICAL_KERNEL
AUFOLSET0;TECHNICAL_KERNEL
AUGXACC;Account_Management
AUGXACC;TECHNICAL_KERNEL
AUGXACR;Account_Management
AUGXACR;TECHNICAL_KERNEL
AUGXACR;TECHNICAL_KERNEL
AUGXBUD;Account_Management
AUGXBUD;TECHNICAL_KERNEL
AUGXBUD;TECHNICAL_KERNEL
AUGXPRE;Account_Management
AUGXPRE;TECHNICAL_KERNEL
AULDACGTAB;TECHNICAL_KERNEL
AULDACGTAB;TECHNICAL_KERNEL
AULDBIL;TECHNICAL_KERNEL
AULDBIL;TECHNICAL_KERNEL
AULOADFOL;TECHNICAL_KERNEL
AULOADFOL;TECHNICAL_KERNEL
AULOCDET;TECHNICAL_KERNEL
AULOCDET;TECHNICAL_KERNEL
AULOCDET;Finance
AULOCDUP;TECHNICAL_KERNEL
AULOCDUP;TECHNICAL_KERNEL
AULOCRES;TECHNICAL_KERNEL
AULOCRES;TECHNICAL_KERNEL
AUMDCCOP;TECHNICAL_KERNEL
AUMDCCOP;TECHNICAL_KERNEL
AUOFBALMVT;TECHNICAL_KERNEL
AUOFBALMVT;TECHNICAL_KERNEL
AUOFBALMVT;Finance
AUPLINIT;TECHNICAL_KERNEL
AUPLINIT;TECHNICAL_KERNEL
AUPRRTAUEN;TECHNICAL_KERNEL
AUPRRTAUEN;TECHNICAL_KERNEL
AURGRPOS;TECHNICAL_KERNEL
AURGRPOS;TECHNICAL_KERNEL
AURNDDET;TECHNICAL_KERNEL
AURNDDET;TECHNICAL_KERNEL
AURNDDET;Finance
AURVMVT;TECHNICAL_KERNEL
AURVMVT;TECHNICAL_KERNEL
AUSAVTAB;TECHNICAL_KERNEL
AUSAVTAB;TECHNICAL_KERNEL
AUSHFBAL;TECHNICAL_KERNEL
AUSPADEL;TECHNICAL_KERNEL
AUTKACGTAB;TECHNICAL_KERNEL
AUTKACGTAB;TECHNICAL_KERNEL
AUXNPINT;TECHNICAL_KERNEL
AUXNPINT;TECHNICAL_KERNEL
CLBGECOMM;TECHNICAL_KERNEL
CLBGECOMM;TECHNICAL_KERNEL
CLCBNREL;TECHNICAL_KERNEL
CLCOMTOPAY;TECHNICAL_KERNEL
CLCOMUNPAI;TECHNICAL_KERNEL
CLCRYCTP;TECHNICAL_KERNEL
CLCRYCTP;TECHNICAL_KERNEL
CLCRYOUT2;TECHNICAL_KERNEL
CLCRYOUTD;TECHNICAL_KERNEL
CLCRYOUTR;TECHNICAL_KERNEL
CLCTPRISAS;TECHNICAL_KERNEL
CLCUSACCOF;TECHNICAL_KERNEL
CLCUSCOM;TECHNICAL_KERNEL
CLFACFIMAT;TECHNICAL_KERNEL
CLFACIRFFT;TECHNICAL_KERNEL
CLFACUNU;TECHNICAL_KERNEL
CLFAMFLFCR;TECHNICAL_KERNEL
CLGUAISSRE;TECHNICAL_KERNEL
CLGUAISSRE;TECHNICAL_KERNEL
CLGUAMEMRE;TECHNICAL_KERNEL
CLGUAPMT;TECHNICAL_KERNEL
CLLISABA1S;TECHNICAL_KERNEL
CLMTDBLDEP;TECHNICAL_KERNEL
CLOUTBLEBD;TECHNICAL_KERNEL
CLOUTBLEBD;TECHNICAL_KERNEL
CLPBLIST;TECHNICAL_KERNEL
CLRTROUT;TECHNICAL_KERNEL
CLSHRCMP;TECHNICAL_KERNEL
CLSHRCMP;TECHNICAL_KERNEL
CLSHRDVD;TECHNICAL_KERNEL
CLSHRDVD;TECHNICAL_KERNEL
CLSHRLIST;TECHNICAL_KERNEL
CLSHRLIST;TECHNICAL_KERNEL
CNTRYBYBBL;TECHNICAL_KERNEL
CNTRYBYISO;TECHNICAL_KERNEL
CNTRYBYLOC;TECHNICAL_KERNEL
CUCHGIPRD;TECHNICAL_KERNEL
CUCHGIPRD;TECHNICAL_KERNEL
CUEXSDELH;TECHNICAL_KERNEL
CUGUACMCNF;TECHNICAL_KERNEL
CUGUACMCNF;TECHNICAL_KERNEL
CUHKPFAC;TECHNICAL_KERNEL
CUMAKRISCT;TECHNICAL_KERNEL
CURTRFILL;TECHNICAL_KERNEL
CURTRFILL;Finance
CURTRRISCH;TECHNICAL_KERNEL
DCONDLIST;TECHNICAL_KERNEL
DLACCBLKPM;TECHNICAL_KERNEL
DLACCPMT;TECHNICAL_KERNEL
DLACCPMT;TECHNICAL_KERNEL
DLCHKFREN;TECHNICAL_KERNEL
DLCHKFREN;TECHNICAL_KERNEL
DLCUSRSD;TECHNICAL_KERNEL
DLCUSRSD;TECHNICAL_KERNEL
DLDLLACRIT;TECHNICAL_KERNEL
DLDLLACRIT;TECHNICAL_KERNEL
DLDLLNAL;TECHNICAL_KERNEL
DLDLLNAL;TECHNICAL_KERNEL
DLDLLNSTRO;TECHNICAL_KERNEL
DLDLLNSTRO;TECHNICAL_KERNEL
DLLPHYADR;TECHNICAL_KERNEL
DLLPHYADR;TECHNICAL_KERNEL
DLNBREPES;TECHNICAL_KERNEL
DLNBREPES;TECHNICAL_KERNEL
DLNBREPNL2;TECHNICAL_KERNEL
DLNBREPNL2;TECHNICAL_KERNEL
DLRCHQSEXT;TECHNICAL_KERNEL
DLRCHQSEXT;TECHNICAL_KERNEL
DLREPIT2;TECHNICAL_KERNEL
DLREPIT2;TECHNICAL_KERNEL
DLREPIT4;TECHNICAL_KERNEL
DLREPIT4;TECHNICAL_KERNEL
DLRFDD;TECHNICAL_KERNEL
DLSMCTFFF;TECHNICAL_KERNEL
DLSMCTFFF;TECHNICAL_KERNEL
DLSTOPPAY;TECHNICAL_KERNEL
DLSWFPRT;TECHNICAL_KERNEL
DLSWFPRT;TECHNICAL_KERNEL
DLTRXDWH;TECHNICAL_KERNEL
DLTRXDWH;TECHNICAL_KERNEL
DUCHGPRD;TECHNICAL_KERNEL
DUFLCHO;TECHNICAL_KERNEL
DULDCCLMVT;TECHNICAL_KERNEL
DULDCCLMVT;Account_Management
DULDCCLMVT;TECHNICAL_KERNEL
DULDCCLMVT;TECHNICAL_KERNEL
DULDCCLMVT;Account_Management
DULDCCLMVT;Payment_And_Cash_Management
DULDCCLMVT;Payment_And_Cash_Management
DULDCCLMVT;Account_Management
DULDCCLMVT;Payment_And_Cash_Management
DULDFDBNL;Payment_And_Cash_Management
DULDFDBNL;TECHNICAL_KERNEL
DULDFDBNL;TECHNICAL_KERNEL
DULDFDBPT;Payment_And_Cash_Management
DULDFDBPT;TECHNICAL_KERNEL
DULDFDBPT;TECHNICAL_KERNEL
DULDFREN;Payment_And_Cash_Management
DULDFREN;TECHNICAL_KERNEL
DULDFREN;TECHNICAL_KERNEL
DULDPBOBT;TECHNICAL_KERNEL
DULDPBOBT;TECHNICAL_KERNEL
DULDSECBR;Payment_And_Cash_Management
DULDSECBR;TECHNICAL_KERNEL
DULDSECBR;TECHNICAL_KERNEL
DULDSECBR;TECHNICAL_KERNEL
DURECBAT;TECHNICAL_KERNEL
ENDBATCH;TECHNICAL_KERNEL
ERICREP;TECHNICAL_KERNEL
GLACLOG;TECHNICAL_KERNEL
GLACLOG;TECHNICAL_KERNEL
GLBATCHERR;TECHNICAL_KERNEL
GLCLFSTAT;TECHNICAL_KERNEL
GLCLFSTAT;TECHNICAL_KERNEL
GLEODTIME;TECHNICAL_KERNEL
GLPRSNLLOG;TECHNICAL_KERNEL
GLPRSNLLST;TECHNICAL_KERNEL
GLPRSNLSEC;TECHNICAL_KERNEL
GLRPDEFSEC;TECHNICAL_KERNEL
GLSCRSEC;TECHNICAL_KERNEL
GLSCRSEC;TECHNICAL_KERNEL
GLSECCLIST;TECHNICAL_KERNEL
GLSWFCNV;Payment_And_Cash_Management
GLSWFCNV;TECHNICAL_KERNEL
GLSWFCNV;TECHNICAL_KERNEL
GLSWMSTS;TECHNICAL_KERNEL
GUDELREPS;TECHNICAL_KERNEL
GUGBATMSEQ;TECHNICAL_KERNEL
GUGBATMSEQ;TECHNICAL_KERNEL
GUGBATMSEQ;TECHNICAL_KERNEL
GUREFER;TECHNICAL_KERNEL
GUSECPPURI;TECHNICAL_KERNEL
GUSECPPURI;TECHNICAL_KERNEL
GUWFLSTA1;TECHNICAL_KERNEL
GUWFLSTA1;TECHNICAL_KERNEL
ILACDLYPL;TECHNICAL_KERNEL
ILACDLYPL;TECHNICAL_KERNEL
ILBOEAGIN2;TECHNICAL_KERNEL
ILBOEAGIN2;TECHNICAL_KERNEL
ILBOEDEP50;TECHNICAL_KERNEL
ILBOEDEP50;TECHNICAL_KERNEL
ILCHKDUP1;TECHNICAL_KERNEL
ILCHKDUP1;TECHNICAL_KERNEL
ILCNFTXT;TECHNICAL_KERNEL
ILCTPPHO;TECHNICAL_KERNEL
ILCTPPHO;TECHNICAL_KERNEL
ILDLLCRED;TECHNICAL_KERNEL
ILDLLCRED;TECHNICAL_KERNEL
ILDLLIOPTS;TECHNICAL_KERNEL
ILDLLIOPTS;TECHNICAL_KERNEL
ILDOCTCOM;TECHNICAL_KERNEL
ILDOCTCOM;TECHNICAL_KERNEL
ILFRAIN;TECHNICAL_KERNEL
ILHMC;TECHNICAL_KERNEL
ILISIMAUT;TECHNICAL_KERNEL
ILISIMAUT;TECHNICAL_KERNEL
ILLDICHK;TECHNICAL_KERNEL
ILLNG;TECHNICAL_KERNEL
ILMKGDBBMB;TECHNICAL_KERNEL
ILMKGDBBMB;TECHNICAL_KERNEL
ILOUTINVSU;TECHNICAL_KERNEL
ILOUTINVSU;TECHNICAL_KERNEL
ILPYISTINT;TECHNICAL_KERNEL
ILRCCNF;TECHNICAL_KERNEL
ILRCCNF;TECHNICAL_KERNEL
ILSHNABSNT;TECHNICAL_KERNEL
ILTKOIFFDO;TECHNICAL_KERNEL
ILWARDTEDC;TECHNICAL_KERNEL
IUAUTOSCAN;TECHNICAL_KERNEL
IUAUTOSCAN;TECHNICAL_KERNEL
IUCLNCNF;TECHNICAL_KERNEL
IUCLNINT;TECHNICAL_KERNEL
IUCLNUPBD;TECHNICAL_KERNEL
IUCUTOFTIM;TECHNICAL_KERNEL
IUCUTOFTIM;TECHNICAL_KERNEL
IUERRIPU;TECHNICAL_KERNEL
IUERRIPU;TECHNICAL_KERNEL
IUFDSIMP;TECHNICAL_KERNEL
IUFDSIMPOS;TECHNICAL_KERNEL
IUFDSIMPRO;TECHNICAL_KERNEL
IULDITXTO;TECHNICAL_KERNEL
IULDITXTO;TECHNICAL_KERNEL
IUMAKERIS;TECHNICAL_KERNEL
IUPDSIMP;TECHNICAL_KERNEL
IUPDSIMP;TECHNICAL_KERNEL
IUUPDPFCFR;TECHNICAL_KERNEL
IUUPDPFCFR;TECHNICAL_KERNEL
IUUPDPFCIR;TECHNICAL_KERNEL
IUUPDPFCIR;TECHNICAL_KERNEL
LLALPHA1;TECHNICAL_KERNEL
LLALPHA1;TECHNICAL_KERNEL
LLBROS;TECHNICAL_KERNEL
LLCBNM;TECHNICAL_KERNEL
LLCCYAUT;TECHNICAL_KERNEL
LLCCYAUT;TECHNICAL_KERNEL
LLCCYCRY;TECHNICAL_KERNEL
LLCHKRISAC;TECHNICAL_KERNEL
LLCHKRISAC;TECHNICAL_KERNEL
LLCITY;TECHNICAL_KERNEL
LLCPCUS;TECHNICAL_KERNEL
LLCPCUS;TECHNICAL_KERNEL
LLCRYAUT;TECHNICAL_KERNEL
LLCRYAUT;TECHNICAL_KERNEL
LLCRYCCY;TECHNICAL_KERNEL
LLCTPAUT;TECHNICAL_KERNEL
LLCTPAUT;TECHNICAL_KERNEL
LLCTPECO;TECHNICAL_KERNEL
LLCTPLST;TECHNICAL_KERNEL
LLCTPLST;TECHNICAL_KERNEL
LLCTPRCN;TECHNICAL_KERNEL
LLCTPTRSTU;TECHNICAL_KERNEL
LLCTPTRSTU;TECHNICAL_KERNEL
LLCURRENCY;TECHNICAL_KERNEL
LLDLLCTPTY;TECHNICAL_KERNEL
LLDLLCTPTY;TECHNICAL_KERNEL
LLDLLLCRYS;TECHNICAL_KERNEL
LLDLLLCRYS;TECHNICAL_KERNEL
LLDLLLCTSO;TECHNICAL_KERNEL
LLDLLLCTSO;TECHNICAL_KERNEL
LLFULLNAME;TECHNICAL_KERNEL
LLPERSAUT;TECHNICAL_KERNEL
LLPERSAUT;TECHNICAL_KERNEL
LLPERSON01;TECHNICAL_KERNEL
LLPERSON02;TECHNICAL_KERNEL
LLPERSON03;TECHNICAL_KERNEL
LLPRDDIC01;TECHNICAL_KERNEL
LLPRDDIC01;TECHNICAL_KERNEL
LLPRDDIC02;TECHNICAL_KERNEL
LLPRDDIC02;TECHNICAL_KERNEL
LLSTOCK1;TECHNICAL_KERNEL
LLSTOCK1;TECHNICAL_KERNEL
LRCEM;Finance
LUCACZ;TECHNICAL_KERNEL
LUDLYLGRDO;TECHNICAL_KERNEL
LUGRID1;TECHNICAL_KERNEL
LULDRISPRC;TECHNICAL_KERNEL
LULDRISPRC;TECHNICAL_KERNEL
LULOADFAM;TECHNICAL_KERNEL
LURISCRE;TECHNICAL_KERNEL
LURISCRE;TECHNICAL_KERNEL
MLPTACC;TECHNICAL_KERNEL
MLPTACC;TECHNICAL_KERNEL
MLPTCTP;TECHNICAL_KERNEL
MLPTCTP;TECHNICAL_KERNEL
MLPTEXC;TECHNICAL_KERNEL
MLPTEXC;TECHNICAL_KERNEL
MLPTSEC;TECHNICAL_KERNEL
MLPTSEC;TECHNICAL_KERNEL
MWTEST9;TECHNICAL_KERNEL
MWTEST9;TECHNICAL_KERNEL
RLCHQCOL;TECHNICAL_KERNEL
RLCHQCOL;TECHNICAL_KERNEL
RUCOLCOV;TECHNICAL_KERNEL
TLDLDWH;TECHNICAL_KERNEL
XFXCM;Finance
XGACM;Finance
XGACS;Finance
XGACS;Finance
XGBRM;Finance
XGBUM;Finance
XGCAS;Finance
XGDCS;Finance
XGDSM;Finance
XGEFM;Finance
XGEFS;Finance
XGEFS;Finance
XGMCM;Finance
XGMCS;Finance
XGPAM;Finance
XGPAS;Finance
XGPMM;Finance
XGSAM;Finance
XGSAS;Finance
XHVBM;Finance
XLACCRLIST;TECHNICAL_KERNEL
XLBALANCE;TECHNICAL_KERNEL
XLBALANCE;TECHNICAL_KERNEL
XLBALOPITM;TECHNICAL_KERNEL
XLBUDLIST;TECHNICAL_KERNEL
XLBUDLIST;TECHNICAL_KERNEL
XLCREBIG;TECHNICAL_KERNEL
XLCREBIG;TECHNICAL_KERNEL
XLCREBIGMU;TECHNICAL_KERNEL
XLCREBIGMU;TECHNICAL_KERNEL
XLDLLCHQ;TECHNICAL_KERNEL
XLDLLCHQ;TECHNICAL_KERNEL
XLDLLGEX;TECHNICAL_KERNEL
XLDLLGEX;TECHNICAL_KERNEL
XLDLLGXDAT;TECHNICAL_KERNEL
XLDLLGXDAT;TECHNICAL_KERNEL
XLEXPFLIST;TECHNICAL_KERNEL
XLEXPFLIST;TECHNICAL_KERNEL
XLFXDEPPRO;TECHNICAL_KERNEL
XLGEXAUT;TECHNICAL_KERNEL
XLGEXAUT;TECHNICAL_KERNEL
XLGEXINT;TECHNICAL_KERNEL
XLGEXINT;TECHNICAL_KERNEL
XLINVCLIST;TECHNICAL_KERNEL
XLINVCLIST;TECHNICAL_KERNEL
XLMISCEOD;TECHNICAL_KERNEL
XLMISCLIST;TECHNICAL_KERNEL
XLMISCLIST;TECHNICAL_KERNEL
XLPAYMDUE;TECHNICAL_KERNEL
XLPAYMDUE;TECHNICAL_KERNEL
XLPAYMFLG;TECHNICAL_KERNEL
XLPAYMLIST;TECHNICAL_KERNEL
XLPAYMLIST;TECHNICAL_KERNEL
XLPMMBAL;TECHNICAL_KERNEL
XLPMMBAL;TECHNICAL_KERNEL
XLPMMLIST;TECHNICAL_KERNEL
XLPMMLIST;TECHNICAL_KERNEL
XLPREPLIST;TECHNICAL_KERNEL
XLREFMISS;TECHNICAL_KERNEL
XLREFMISS;TECHNICAL_KERNEL
XLRUBLIST;TECHNICAL_KERNEL
XLSALREOD;TECHNICAL_KERNEL
XLSALRLIST;TECHNICAL_KERNEL
XLSALRLIST;TECHNICAL_KERNEL
XLSUMRCE;TECHNICAL_KERNEL
XLSUMRCERB;TECHNICAL_KERNEL
XLSUMROOT;TECHNICAL_KERNEL
XLSUMROT2;TECHNICAL_KERNEL
XLSUMRUB;TECHNICAL_KERNEL
XLSUMRUB;TECHNICAL_KERNEL
XLSUMRUBRC;TECHNICAL_KERNEL
XLSUMRUBRC;TECHNICAL_KERNEL
XLSUPBAL;TECHNICAL_KERNEL
XLSUPBAL;TECHNICAL_KERNEL
XLSUPLIST;TECHNICAL_KERNEL
XLTOTRBRC2;TECHNICAL_KERNEL
XLTOTRBRC2;TECHNICAL_KERNEL
XLTOTRCE;TECHNICAL_KERNEL
XLTOTRCE;TECHNICAL_KERNEL
XLTOTRCERB;TECHNICAL_KERNEL
XLTOTRCERB;TECHNICAL_KERNEL
XLTOTRUB;TECHNICAL_KERNEL
XLTOTRUB;TECHNICAL_KERNEL
XLTOTRUB2;TECHNICAL_KERNEL
XLTOTRUB2;TECHNICAL_KERNEL
XLTOTRUBRC;TECHNICAL_KERNEL
XLTOTRUBRC;TECHNICAL_KERNEL
XLTOTSUP;TECHNICAL_KERNEL
XLTOTSUP;TECHNICAL_KERNEL
XLTOTVAT;TECHNICAL_KERNEL
XLTOTVAT;TECHNICAL_KERNEL
XUCREPAYM;Payment_And_Cash_Management
XUCREPAYM;TECHNICAL_KERNEL
XUCREPAYM;TECHNICAL_KERNEL
XUCREPAYM;TECHNICAL_KERNEL
XUFXCABS;Account_Management
XUFXCABS;TECHNICAL_KERNEL
XUFXCABS;TECHNICAL_KERNEL
XUFXCREDS;TECHNICAL_KERNEL
XUFXCREDS;TECHNICAL_KERNEL
XUGEXBAL;TECHNICAL_KERNEL
XUGEXBAL;Finance
XUGEXRUB;TECHNICAL_KERNEL
XUGEXRUB;TECHNICAL_KERNEL
XUGEXRUB;Finance
XUGEXUPD;TECHNICAL_KERNEL
XUGEXUPD;TECHNICAL_KERNEL
XUGEXUPD;Finance
XULOADCHQL;TECHNICAL_KERNEL
XULOADCHQL;TECHNICAL_KERNEL
XULOADMISC;TECHNICAL_KERNEL
XULOADMISC;TECHNICAL_KERNEL
GR-003REPERRORS;TECHNICAL_KERNEL
ABCLM;Financial_Markets
ALBMBHOF;TECHNICAL_KERNEL
ALBMBHOF;TECHNICAL_KERNEL
ALCUSBAL;TECHNICAL_KERNEL
ALCUSBAL;TECHNICAL_KERNEL
ALDLLKPMG;TECHNICAL_KERNEL
ALDLLOFA;TECHNICAL_KERNEL
ALDLLOFA;TECHNICAL_KERNEL
ALDLLWBF;TECHNICAL_KERNEL
ALFCM130;TECHNICAL_KERNEL
ALFCM130;TECHNICAL_KERNEL
ALFXDYMVT;TECHNICAL_KERNEL
ALFXDYMVT;TECHNICAL_KERNEL
ALMARCOV;TECHNICAL_KERNEL
ALMARCOV;TECHNICAL_KERNEL
ALNOSFXPOS;TECHNICAL_KERNEL
ALNOSFXPOS;TECHNICAL_KERNEL
ALRGRPOS;TECHNICAL_KERNEL
ALRGRPOS;TECHNICAL_KERNEL
ALRGRPOS2;TECHNICAL_KERNEL
ALRGRPOS2;TECHNICAL_KERNEL
ALRGRPOS3;TECHNICAL_KERNEL
ALRGRPOS3;TECHNICAL_KERNEL
AUCNVLOC;TECHNICAL_KERNEL
AUCNVLOC;TECHNICAL_KERNEL
AUEURPOL3;TECHNICAL_KERNEL
AUEURPOL3;TECHNICAL_KERNEL
AURGRPOS2;TECHNICAL_KERNEL
AURGRPOS2;TECHNICAL_KERNEL
AURGRPOS2;Financial_Markets
AURGRPOS4;TECHNICAL_KERNEL
AURGRPOS4;TECHNICAL_KERNEL
AURGRPOS4;Financial_Markets
BABSM;Financial_Markets
BABSM;Financial_Markets
BABSM;Finance
BABSM;Financial_Markets
BASWA;Financial_Markets
BDAUT;Financial_Markets
BDAUT;Financial_Markets
BDAUT;Finance
BDAUT;Financial_Markets
BDAUT;Financial_Markets
BDL2C;Finance
BDLAX;Financial_Markets
BDLGA;Financial_Markets
BDLGA;Financial_Markets
BDLGA;Finance
BDLGA;Financial_Markets
BDLGA;Financial_Markets
BDLGX;Financial_Markets
BDLTM;Financial_Markets
BDLTX;Financial_Markets
BICTX;Financial_Markets
BIS2C;Finance
BISPA;Financial_Markets
BISPM;Financial_Markets
BISPX;Financial_Markets
BISSA;Finance
BISSA;Financial_Markets
BISSA;Financial_Markets
BISSA;Financial_Markets
BISSX;Financial_Markets
BLACJUSPOR;TECHNICAL_KERNEL
BLACJUSPOR;TECHNICAL_KERNEL
BLASWSUM;TECHNICAL_KERNEL
BLASWSUM;TECHNICAL_KERNEL
BLBDLINV;TECHNICAL_KERNEL
BLBDLINV;TECHNICAL_KERNEL
BLBDLPOR;TECHNICAL_KERNEL
BLBDLPOR;TECHNICAL_KERNEL
BLBISINV;TECHNICAL_KERNEL
BLBISINV;TECHNICAL_KERNEL
BLBNDDL;TECHNICAL_KERNEL
BLBNDDL;TECHNICAL_KERNEL
BLDEATCK;TECHNICAL_KERNEL
BLDLL;TECHNICAL_KERNEL
BLDLYFWD;TECHNICAL_KERNEL
BLDLYINVPL;TECHNICAL_KERNEL
BLDLYPOS;TECHNICAL_KERNEL
BLDLYTRDPL;TECHNICAL_KERNEL
BLGFIDL;TECHNICAL_KERNEL
BLGFIDL;TECHNICAL_KERNEL
BLMBSLST;TECHNICAL_KERNEL
BLPARSEC;TECHNICAL_KERNEL
BLPARSEC;TECHNICAL_KERNEL
BLPBDEAL;TECHNICAL_KERNEL
BLPBDEAL;TECHNICAL_KERNEL
BLPORRTI;TECHNICAL_KERNEL
BLPORRTI;TECHNICAL_KERNEL
BLUSADL;TECHNICAL_KERNEL
BLUSADL;TECHNICAL_KERNEL
BLWARBO;TECHNICAL_KERNEL
BLWARBO;TECHNICAL_KERNEL
BPOR5;Financial_Markets
BPORM;Financial_Markets
BPORM;Financial_Markets
BPORM;Finance
BPORM;Financial_Markets
BPORS;Financial_Markets
BPORS;Financial_Markets
BPORS;Finance
BPORS;Financial_Markets
BPRDA;Financial_Markets
BPRDX;Financial_Markets
BREDA;Financial_Markets
BREDA;Financial_Markets
BREDA;Finance
BREDA;Financial_Markets
BREDM;Financial_Markets
BREDX;Finance
BREP1;Financial_Markets
BREPM;Financial_Markets
BSPIM;Financial_Markets
BSWCM;Account_Management
BUCHGISIN;TECHNICAL_KERNEL
BUCHGISIN;Finance
BUDELCON;TECHNICAL_KERNEL
BUDELCON;Financial_Markets
BUDELCON;Financial_Markets
BUDELCON;Finance
BUDELCON;Financial_Markets
BUDELCON;Financial_Markets
BUDELCON;Financial_Markets
BUDELCON;Financial_Markets
BUDELLIQ;TECHNICAL_KERNEL
BUDLYABS;Account_Management
BUDLYABS;TECHNICAL_KERNEL
BUDLYABS;Finance
BUDLYABS;Financial_Markets
BUDLYABS;Financial_Markets
BUDLYCLU;TECHNICAL_KERNEL
BUDLYMBS;Account_Management
BUDLYMBS;TECHNICAL_KERNEL
BUDLYMBS;TECHNICAL_KERNEL
BUDLYMBS;Finance
BUDLYMBS;Financial_Markets
BUDLYMBS;Financial_Markets
BUDLYMBSYD;Account_Management
BUDLYMBSYD;TECHNICAL_KERNEL
BUDLYMBSYD;TECHNICAL_KERNEL
BUDLYMBSYD;Finance
BUDLYMBSYD;Financial_Markets
BUDLYMBSYD;Financial_Markets
BUEURACC;Account_Management
BUEURACC;TECHNICAL_KERNEL
BUEURCNV;TECHNICAL_KERNEL
BUEURCNV;TECHNICAL_KERNEL
BUEURCNV;Financial_Markets
BUEURLIQ;TECHNICAL_KERNEL
BUEURLIQ;TECHNICAL_KERNEL
BUEURREC;TECHNICAL_KERNEL
BUINTACC2;TECHNICAL_KERNEL
BUINTACC2;TECHNICAL_KERNEL
BUINTACCR;TECHNICAL_KERNEL
BUINTACCR;TECHNICAL_KERNEL
BUMBSPOOL;TECHNICAL_KERNEL
BUMBSPOOL;TECHNICAL_KERNEL
BUMBSPOOL;Financial_Markets
BUMKSWBAT;Account_Management
BUMKSWBAT;TECHNICAL_KERNEL
BUMKSWBAT;TECHNICAL_KERNEL
BUMKSWIFT;Account_Management
BUMKSWIFT;TECHNICAL_KERNEL
BUMKSWIFT;TECHNICAL_KERNEL
BUMKSWIFT;Payment_And_Cash_Management
BUMLYACRBO;Account_Management
BUMLYACRBO;TECHNICAL_KERNEL
BUMLYACRBO;TECHNICAL_KERNEL
BUMLYACRBO;Financial_Markets
BUMLYMBS;Account_Management
BUMLYMBS;TECHNICAL_KERNEL
BUMLYMBS;TECHNICAL_KERNEL
BUMLYMBS;Financial_Markets
BUMLYTRD;Account_Management
BUMLYTRD;TECHNICAL_KERNEL
BUMLYTRD;TECHNICAL_KERNEL
BUMRGISS;TECHNICAL_KERNEL
BUMRGISS;TECHNICAL_KERNEL
BUPOOLFAC;TECHNICAL_KERNEL
BUPOOLFAC;Finance
BUPRCLOAD;TECHNICAL_KERNEL
BUPRCLOAD;TECHNICAL_KERNEL
BUPRCLOAD;Financial_Markets
BUUPDBDLTO;TECHNICAL_KERNEL
BUUPDBDLTO;TECHNICAL_KERNEL
BUUPDBDLTO;Account_Management
BUUPDBNDSN;TECHNICAL_KERNEL
BUUPDBNDSN;TECHNICAL_KERNEL
CCUSC;Financial_Markets
CEXRM;Financial_Markets
CLAUDCNF;Account_Management
CLAUDCNF;TECHNICAL_KERNEL
CLAUDCNF;TECHNICAL_KERNEL
CLCASHINT;TECHNICAL_KERNEL
CLCASHINT;TECHNICAL_KERNEL
CLDLL;TECHNICAL_KERNEL
CLDLL;TECHNICAL_KERNEL
CLDLLORM;TECHNICAL_KERNEL
CLDLLORM;TECHNICAL_KERNEL
CLEQOPOUT;TECHNICAL_KERNEL
CLEQOPOUT;TECHNICAL_KERNEL
CLEQOPOUT2;TECHNICAL_KERNEL
CLEQOPOUT2;TECHNICAL_KERNEL
CLEXSSPOT;TECHNICAL_KERNEL
CLEXSSPOT;TECHNICAL_KERNEL
CLEXSSPOT2;TECHNICAL_KERNEL
CLEXSSPOT2;TECHNICAL_KERNEL
CLMTBNKPFY;TECHNICAL_KERNEL
CLMTBNKPFY;TECHNICAL_KERNEL
CLMTCUSPF2;TECHNICAL_KERNEL
CLMTCUSPF2;TECHNICAL_KERNEL
CLMTCUSPFY;TECHNICAL_KERNEL
CLMTCUSPFY;TECHNICAL_KERNEL
CLMTDEALS;TECHNICAL_KERNEL
CLMTDEALS;TECHNICAL_KERNEL
CLMTDEANEW;TECHNICAL_KERNEL
CLMTEXECUT;TECHNICAL_KERNEL
CLMTPORTFL;TECHNICAL_KERNEL
CLMTPORTFL;TECHNICAL_KERNEL
CLMTWARMAT;TECHNICAL_KERNEL
CLPBAUM;TECHNICAL_KERNEL
CLPBPORTF;TECHNICAL_KERNEL
CLPBPORTF;TECHNICAL_KERNEL
CLPRIBNK;TECHNICAL_KERNEL
CLPRIBNK;TECHNICAL_KERNEL
CLPRIBNK2;TECHNICAL_KERNEL
CLPRIBNK2;TECHNICAL_KERNEL
CLPRIBNK3;TECHNICAL_KERNEL
CLPRIBNK3;TECHNICAL_KERNEL
CLRCPV6;TECHNICAL_KERNEL
CLRCPV6;TECHNICAL_KERNEL
CLSHRCUST;TECHNICAL_KERNEL
CLSHRCUST;TECHNICAL_KERNEL
CLSHRFEE;TECHNICAL_KERNEL
CLSHRMAS;TECHNICAL_KERNEL
CLSHRMAS;TECHNICAL_KERNEL
CLSHROUT;TECHNICAL_KERNEL
CLSHROUT;TECHNICAL_KERNEL
CLSHRPORTF;TECHNICAL_KERNEL
CLSHRPORTF;TECHNICAL_KERNEL
CLSHRPROF;TECHNICAL_KERNEL
CLSHRPROF;TECHNICAL_KERNEL
CLSHRPROLO;TECHNICAL_KERNEL
CLSHRPROLO;TECHNICAL_KERNEL
CLSHRVOL;TECHNICAL_KERNEL
CLSHRVOL;TECHNICAL_KERNEL
CLSYNSUB;TECHNICAL_KERNEL
CLYRLYTAX;TECHNICAL_KERNEL
CLYRLYTAX;TECHNICAL_KERNEL
CMTHE;Finance
CMTHE;Financial_Markets
CMTTC;Finance
CMTTC;Financial_Markets
COTIC;Financial_Markets
COTIC;Lending
CPBCC;UNUSED
CPBPM;UNUSED
CPIIC;Lending
CPYIA;Financial_Markets
CPYIA;Lending
CPYIC;Financial_Markets
CPYIC;Lending
CRCIC;Financial_Markets
CRCIC;Lending
CROIA;Lending
CROIC;Financial_Markets
CROIC;Lending
CSHAA;Finance
CSHAA;UNUSED
CSHAA;UNUSED
CSHCS;UNUSED
CSHMA;Finance
CSHMA;UNUSED
CSHOA;Finance
CSHOA;UNUSED
CSHRA;UNUSED
CSHSC;UNUSED
CSHTA;UNUSED
CSHTM;UNUSED
CUCEXRO;TECHNICAL_KERNEL
CUCEXRO;Financial_Markets
CUDLYSHROP;Account_Management
CUDLYSHROP;TECHNICAL_KERNEL
CUDLYSHRTR;Account_Management
CUDLYSHRTR;TECHNICAL_KERNEL
CUDLYSHRTR;UNUSED
CUIFLTRTE;TECHNICAL_KERNEL
CUIFLTRTE;TECHNICAL_KERNEL
CUIFLTRTE;Lending
CULOADCBFM;TECHNICAL_KERNEL
CUMTCLOSE;TECHNICAL_KERNEL
CUMTCLOSE;Finance
CUMTCLOSE;Financial_Markets
CUPBPORTF;TECHNICAL_KERNEL
CUPBPORTF;UNUSED
CUPBVALUE;TECHNICAL_KERNEL
CUPBVALUE;TECHNICAL_KERNEL
CUREUTIMP;TECHNICAL_KERNEL
CUREUTIMP;TECHNICAL_KERNEL
CURTRFACCH;TECHNICAL_KERNEL
CURTRFACCH;TECHNICAL_KERNEL
CURXMRECON;TECHNICAL_KERNEL
CURXMRECON;TECHNICAL_KERNEL
CUSHRDVD;Account_Management
CUSHRDVD;TECHNICAL_KERNEL
CUSHRDVD;TECHNICAL_KERNEL
CUSHRLOG;TECHNICAL_KERNEL
CUSHRPRCLD;TECHNICAL_KERNEL
CUSHRPRCLD;TECHNICAL_KERNEL
CUSHRPRCLD;UNUSED
CUSHRRESTR;TECHNICAL_KERNEL
CUSHRRESTR;TECHNICAL_KERNEL
CUSHRRESTR;Finance
CUSHRRESTR;UNUSED
DLLCHQPYGB;TECHNICAL_KERNEL
DLLCHQPYGB;TECHNICAL_KERNEL
IBTF5;TECHNICAL_KERNEL
IBTI5;TECHNICAL_KERNEL
IBVD1;Financial_Markets
ICPDC;UNUSED
ICPIC;UNUSED
ICPIC;Financial_Markets
IERB5;Financial_Markets
IFCP1;Financial_Markets
IFCTC;Financial_Markets
IFERS;Financial_Markets
IFFC1;Financial_Markets
IFFT1;Financial_Markets
IFIRC;Financial_Markets
IGFRC;Finance
IGFXC;Finance
IGIRC;Finance
IGOPC;Finance
IIFFS;UNUSED
IIFFS;Financial_Markets
IIFFS;TECHNICAL_KERNEL
IIFRA;UNUSED
IIFRA;Financial_Markets
IIFRA;TECHNICAL_KERNEL
IIFXS;UNUSED
IIFXS;Financial_Markets
IIFXS;TECHNICAL_KERNEL
IIIR5;UNUSED
IILDA;UNUSED
IILDA;Financial_Markets
IILDM;Financial_Markets
IILDM;UNUSED
IIPH5;TECHNICAL_KERNEL
IITEC;Financial_Markets
ILBGEFOREX;TECHNICAL_KERNEL
ILBGEFOREX;TECHNICAL_KERNEL
ILBGEFRA;TECHNICAL_KERNEL
ILBGEFRA;TECHNICAL_KERNEL
ILBGEIRCS;TECHNICAL_KERNEL
ILBGEIRCS;TECHNICAL_KERNEL
ILBGEIRF;TECHNICAL_KERNEL
ILBGEIRF;TECHNICAL_KERNEL
ILBGELOADE;TECHNICAL_KERNEL
ILBGELOADE;TECHNICAL_KERNEL
ILBGEVDL;TECHNICAL_KERNEL
ILBGEVOL;TECHNICAL_KERNEL
ILCNFDCSTB;TECHNICAL_KERNEL
ILCNFFRA;TECHNICAL_KERNEL
ILCNFFRA;TECHNICAL_KERNEL
ILCNFFRA;TECHNICAL_KERNEL
ILCNFIRS;TECHNICAL_KERNEL
ILCNFIRS;TECHNICAL_KERNEL
ILCNFIRS;TECHNICAL_KERNEL
ILCNFLDFX;TECHNICAL_KERNEL
ILCNFLDFX;TECHNICAL_KERNEL
ILCNFLDFX;TECHNICAL_KERNEL
ILCNFMAN;TECHNICAL_KERNEL
ILCNFMAN;TECHNICAL_KERNEL
ILCNFMAN;TECHNICAL_KERNEL
ILCNFOPT;TECHNICAL_KERNEL
ILCNFOPT;TECHNICAL_KERNEL
ILCNFOPT;TECHNICAL_KERNEL
ILCOMPBTS;TECHNICAL_KERNEL
ILCOMPBTS;TECHNICAL_KERNEL
ILCOMWARFR;TECHNICAL_KERNEL
ILCOMWARFX;TECHNICAL_KERNEL
ILCOMWARIR;TECHNICAL_KERNEL
ILCOMWARIR;TECHNICAL_KERNEL
ILCOMWARLD;TECHNICAL_KERNEL
ILCONSELFR;TECHNICAL_KERNEL
ILCONSELFR;TECHNICAL_KERNEL
ILCONSELFX;TECHNICAL_KERNEL
ILCONSELLD;TECHNICAL_KERNEL
ILCONSLIRS;TECHNICAL_KERNEL
ILCONSLLD2;TECHNICAL_KERNEL
ILCONSLLD2;TECHNICAL_KERNEL
ILCTMFX;TECHNICAL_KERNEL
ILCTMFX;TECHNICAL_KERNEL
ILCTMMM;TECHNICAL_KERNEL
ILCTMMM;TECHNICAL_KERNEL
ILDAYMVTFR;TECHNICAL_KERNEL
ILDAYMVTFR;TECHNICAL_KERNEL
ILDAYMVTFX;TECHNICAL_KERNEL
ILDAYMVTFX;TECHNICAL_KERNEL
ILDAYMVTIR;TECHNICAL_KERNEL
ILDAYMVTIR;TECHNICAL_KERNEL
ILDAYMVTLD;TECHNICAL_KERNEL
ILDAYMVTLD;TECHNICAL_KERNEL
ILDAYMVTOP;TECHNICAL_KERNEL
ILDAYMVTOP;TECHNICAL_KERNEL
ILDEALNUM;TECHNICAL_KERNEL
ILDEALNUM;TECHNICAL_KERNEL
ILDEALPMAT;TECHNICAL_KERNEL
ILDEALPMAT;TECHNICAL_KERNEL
ILDEALTICK;TECHNICAL_KERNEL
ILDLCTP;TECHNICAL_KERNEL
ILDLLMIS1;TECHNICAL_KERNEL
ILDLLSTPMT;TECHNICAL_KERNEL
ILDLLSTPMT;TECHNICAL_KERNEL
ILDLYACCF3;TECHNICAL_KERNEL
ILDLYACCF3;TECHNICAL_KERNEL
ILDLYACCFX;TECHNICAL_KERNEL
ILDLYACCFX;TECHNICAL_KERNEL
ILDLYACCIR;TECHNICAL_KERNEL
ILDLYACCIR;TECHNICAL_KERNEL
ILDLYACCL3;TECHNICAL_KERNEL
ILDLYACCL3;TECHNICAL_KERNEL
ILDLYACCLD;TECHNICAL_KERNEL
ILDLYACCLD;TECHNICAL_KERNEL
ILDLYMRGLD;TECHNICAL_KERNEL
ILDLYMRGLD;TECHNICAL_KERNEL
ILDLYMVCUS;TECHNICAL_KERNEL
ILDLYMVCUS;TECHNICAL_KERNEL
ILDLYVLM2;TECHNICAL_KERNEL
ILDLYVLM2;TECHNICAL_KERNEL
ILDLYVLMRP;TECHNICAL_KERNEL
ILDLYVLMRP;TECHNICAL_KERNEL
ILEURREP01;TECHNICAL_KERNEL
ILEURREP01;TECHNICAL_KERNEL
ILFOREXIN;TECHNICAL_KERNEL
ILFRAOUT;TECHNICAL_KERNEL
ILFRDEALTK;TECHNICAL_KERNEL
ILFRRDSTRS;TECHNICAL_KERNEL
ILFRTRANSA;TECHNICAL_KERNEL
ILFRTRANSA;TECHNICAL_KERNEL
ILFWDCONAL;TECHNICAL_KERNEL
ILFWDOUTCU;TECHNICAL_KERNEL
ILFWDOUTVA;TECHNICAL_KERNEL
ILFXBTSTRA;TECHNICAL_KERNEL
ILFXBYCCY;TECHNICAL_KERNEL
ILFXBYCCY;TECHNICAL_KERNEL
ILFXDEALIN;TECHNICAL_KERNEL
ILFXDEALTK;TECHNICAL_KERNEL
ILFXDLTICK;TECHNICAL_KERNEL
ILFXMAS;TECHNICAL_KERNEL
ILFXMAS;TECHNICAL_KERNEL
ILFXMTMVAL;TECHNICAL_KERNEL
ILFXMTMVAL;TECHNICAL_KERNEL
ILFXTRANSA;TECHNICAL_KERNEL
ILFXTRANSA;TECHNICAL_KERNEL
ILHISFR;TECHNICAL_KERNEL
ILHISFX;TECHNICAL_KERNEL
ILHISLD;TECHNICAL_KERNEL
ILINVFLAT;TECHNICAL_KERNEL
ILINVFLAT;TECHNICAL_KERNEL
ILINVSEL;TECHNICAL_KERNEL
ILINVSEL;TECHNICAL_KERNEL
ILIRFDEATK;TECHNICAL_KERNEL
ILIRFDEATK;TECHNICAL_KERNEL
ILIRFLP;TECHNICAL_KERNEL
ILIRFLP;TECHNICAL_KERNEL
ILIRFOP;TECHNICAL_KERNEL
ILIRFOP;TECHNICAL_KERNEL
ILIRFPC;TECHNICAL_KERNEL
ILIRFPC;TECHNICAL_KERNEL
ILIRFTDY;TECHNICAL_KERNEL
ILIRFTDY;TECHNICAL_KERNEL
ILIRFTRA;TECHNICAL_KERNEL
ILIRFTRA;TECHNICAL_KERNEL
ILIRSDEATK;TECHNICAL_KERNEL
ILIRSDEATK;TECHNICAL_KERNEL
ILIRSGFI;TECHNICAL_KERNEL
ILIRSGFI;TECHNICAL_KERNEL
ILIRSINFO;TECHNICAL_KERNEL
ILIRSTRA;TECHNICAL_KERNEL
ILIRSTRA;TECHNICAL_KERNEL
ILISPIO;TECHNICAL_KERNEL
ILISPIO;TECHNICAL_KERNEL
ILJUSPDACC;TECHNICAL_KERNEL
ILJUSPDACC;TECHNICAL_KERNEL
ILLDBTSTRA;TECHNICAL_KERNEL
ILLDCONAL;TECHNICAL_KERNEL
ILLDDEALIN;TECHNICAL_KERNEL
ILLDDEALIN;TECHNICAL_KERNEL
ILLDOUTCU;TECHNICAL_KERNEL
ILLDOUTTER;TECHNICAL_KERNEL
ILLDOUTTER;TECHNICAL_KERNEL
ILLDTRANSA;TECHNICAL_KERNEL
ILLDTRANSA;TECHNICAL_KERNEL
ILLISTESP;TECHNICAL_KERNEL
ILLISTESP;TECHNICAL_KERNEL
ILLONDEPIN;TECHNICAL_KERNEL
ILLSTCOMP;TECHNICAL_KERNEL
ILLSTCOMP;TECHNICAL_KERNEL
ILLSTPAYDL;TECHNICAL_KERNEL
ILLSTPAYDL;TECHNICAL_KERNEL
ILLSTWARFR;TECHNICAL_KERNEL
ILLSTWARFX;TECHNICAL_KERNEL
ILLSTWARIR;TECHNICAL_KERNEL
ILLSTWARLD;TECHNICAL_KERNEL
ILLSTWARLD;TECHNICAL_KERNEL
ILMLYMRGLD;Account_Management
ILMLYMRGLD;TECHNICAL_KERNEL
ILMLYMRGLD;TECHNICAL_KERNEL
ILNCUDTPOS;TECHNICAL_KERNEL
ILNCUDTPOS;TECHNICAL_KERNEL
ILNCUDTRPO;TECHNICAL_KERNEL
ILNCUDTRPO;TECHNICAL_KERNEL
ILNOSDTBND;TECHNICAL_KERNEL
ILNOSDTBND;TECHNICAL_KERNEL
ILNOSDTRPO;TECHNICAL_KERNEL
ILNSETFRA;TECHNICAL_KERNEL
ILNSETFRA;TECHNICAL_KERNEL
ILOPDEATDY;TECHNICAL_KERNEL
ILOPDEATDY;TECHNICAL_KERNEL
ILOPLGRACC;TECHNICAL_KERNEL
ILOPLGRACC;TECHNICAL_KERNEL
ILOPLSTMTH;TECHNICAL_KERNEL
ILOPLSTMTH;TECHNICAL_KERNEL
ILOPMATMTH;TECHNICAL_KERNEL
ILOPMATMTH;TECHNICAL_KERNEL
ILOPMTHTOD;TECHNICAL_KERNEL
ILOPMTHTOD;TECHNICAL_KERNEL
ILOPTEXPDT;TECHNICAL_KERNEL
ILOPTEXPDT;TECHNICAL_KERNEL
ILOUFWCVDE;TECHNICAL_KERNEL
ILOUTCCYPA;TECHNICAL_KERNEL
ILOUTCCYPA;TECHNICAL_KERNEL
ILOUTFRASU;TECHNICAL_KERNEL
ILOUTFXEOQ;TECHNICAL_KERNEL
ILOUTFXEOQ;TECHNICAL_KERNEL
ILOUTINVMA;TECHNICAL_KERNEL
ILOUTINVMA;TECHNICAL_KERNEL
ILOUTIRBKG;TECHNICAL_KERNEL
ILOUTIRS;TECHNICAL_KERNEL
ILOUTMATLD;TECHNICAL_KERNEL
ILOUTMATLD;TECHNICAL_KERNEL
ILOUTOPCTP;TECHNICAL_KERNEL
ILOUTOPCTP;TECHNICAL_KERNEL
ILOUTOPTTY;TECHNICAL_KERNEL
ILOUTOPTTY;TECHNICAL_KERNEL
ILOUTRR;TECHNICAL_KERNEL
ILOUTRR;TECHNICAL_KERNEL
ILPAM;Financial_Markets
ILPAYINADV;TECHNICAL_KERNEL
ILPAYINADV;TECHNICAL_KERNEL
ILPMTCHG;TECHNICAL_KERNEL
ILPMTDTEDC;TECHNICAL_KERNEL
ILPOSIRS;TECHNICAL_KERNEL
ILPOSIRS;TECHNICAL_KERNEL
ILPRCNFNP;TECHNICAL_KERNEL
ILPRCNFNP;TECHNICAL_KERNEL
ILPRCNFSTA;TECHNICAL_KERNEL
ILPRCNFSTA;TECHNICAL_KERNEL
ILPRINTCNF;TECHNICAL_KERNEL
ILPRPMTNOS;TECHNICAL_KERNEL
ILPRPMTNOS;TECHNICAL_KERNEL
ILPRPMTSTA;TECHNICAL_KERNEL
ILPRPMTSTA;TECHNICAL_KERNEL
ILRESIRS;TECHNICAL_KERNEL
ILSELCONOP;TECHNICAL_KERNEL
ILSETFRA;TECHNICAL_KERNEL
ILSPFWISO;TECHNICAL_KERNEL
ILSPFWISO;TECHNICAL_KERNEL
ILSPFWOUT;TECHNICAL_KERNEL
ILSPFWOUT;TECHNICAL_KERNEL
ILSPOTFLAT;TECHNICAL_KERNEL
ILSPOTFLAT;TECHNICAL_KERNEL
ILSTMDEP;TECHNICAL_KERNEL
ILSTMSUM;TECHNICAL_KERNEL
ILSTPMTINS;TECHNICAL_KERNEL
ILSUMCUS;TECHNICAL_KERNEL
ILSUMCUS;TECHNICAL_KERNEL
ILSUMMVTFR;TECHNICAL_KERNEL
ILSUMMVTFR;TECHNICAL_KERNEL
ILSUMMVTFX;TECHNICAL_KERNEL
ILSUMMVTFX;TECHNICAL_KERNEL
ILSUMMVTIR;TECHNICAL_KERNEL
ILSUMMVTIR;TECHNICAL_KERNEL
ILSUMMVTLD;TECHNICAL_KERNEL
ILSUMMVTLD;TECHNICAL_KERNEL
ILTRSDEAL;TECHNICAL_KERNEL
ILTRSDEAL;TECHNICAL_KERNEL
ILWAROPTEX;TECHNICAL_KERNEL
ILXDWAR;TECHNICAL_KERNEL
IMAGC;UNUSED
IMFX5;TECHNICAL_KERNEL
IMLD5;TECHNICAL_KERNEL
IMSPD;Financial_Markets
IMSPM;Financial_Markets
INETM;Financial_Markets
INOSM;Account_Management
IOPEC;Finance
IOPTC;Finance
IOPTS;Finance
IOPTS;TECHNICAL_KERNEL
IPASC;TECHNICAL_KERNEL
IPIIF;Account_Management
IPIIF;Financial_Markets
IPMTM;Financial_Markets
IPTDC;Account_Management
IPTDC;Financial_Markets
IPTDC;Financial_Markets
IPTI5;TECHNICAL_KERNEL
IPTIC;Account_Management
IPTIC;Financial_Markets
IPTIC;Financial_Markets
IPWDM;TECHNICAL_KERNEL
IRCL5;TECHNICAL_KERNEL
IRFRM;Financial_Markets
IRS1A;Financial_Markets
IRS1A;UNUSED
IRS2A;Financial_Markets
IRS2A;UNUSED
IRSLQ;UNUSED
IRSLQ;Financial_Markets
IRSSC;UNUSED
IRSSC;Financial_Markets
IRSTM;UNUSED
IRSTM;Financial_Markets
ISFRC;UNUSED
ISFRC;Financial_Markets
ITECX;Financial_Markets
IUCHGPFTL3;TECHNICAL_KERNEL
IUCHKCNF;TECHNICAL_KERNEL
IUCHSCNF;TECHNICAL_KERNEL
IUCPRDBKG;TECHNICAL_KERNEL
IUCRECNF;Account_Management
IUCRECNF;TECHNICAL_KERNEL
IUCRECNF;TECHNICAL_KERNEL
IUCRSWPM2;Account_Management
IUCRSWPM2;TECHNICAL_KERNEL
IUCRSWPM2;TECHNICAL_KERNEL
IUCRSWPM2;Payment_And_Cash_Management
IUDELCON;TECHNICAL_KERNEL
IUDELCON;TECHNICAL_KERNEL
IUDELCON;Finance
IUDLYABFRA;Account_Management
IUDLYABFRA;TECHNICAL_KERNEL
IUDLYABFRA;TECHNICAL_KERNEL
IUDLYABFRA;Finance
IUDLYABIRF;Account_Management
IUDLYABIRF;TECHNICAL_KERNEL
IUDLYABIRF;TECHNICAL_KERNEL
IUDLYABIRF;Financial_Markets
IUDLYABIRS;Account_Management
IUDLYABIRS;TECHNICAL_KERNEL
IUDLYABIRS;TECHNICAL_KERNEL
IUDLYABIRS;Finance
IUDLYABOPT;Account_Management
IUDLYABOPT;TECHNICAL_KERNEL
IUDLYABOPT;TECHNICAL_KERNEL
IUDLYABOPT;Finance
IUDLYACCAB;Account_Management
IUDLYACCAB;TECHNICAL_KERNEL
IUDLYACCAB;TECHNICAL_KERNEL
IUEXPSSI;TECHNICAL_KERNEL
IUEXPSSI;TECHNICAL_KERNEL
IUFLSHN;TECHNICAL_KERNEL
IUFRASET;TECHNICAL_KERNEL
IUFRASET;TECHNICAL_KERNEL
IUFRASET;Financial_Markets
IUFRASET;UNUSED
IUFRTRPTRA;TECHNICAL_KERNEL
IUFUTIRS;TECHNICAL_KERNEL
IUFUTIRS;TECHNICAL_KERNEL
IUFUTIRS;UNUSED
IUFXCTPUPD;TECHNICAL_KERNEL
IUFXCTPUPD;TECHNICAL_KERNEL
IUFXTRPTRA;TECHNICAL_KERNEL
IUICVBSDEL;TECHNICAL_KERNEL
IUINIPMTDT;TECHNICAL_KERNEL
IUINTBTS;TECHNICAL_KERNEL
IUINTIRS;TECHNICAL_KERNEL
IUINTIRS;TECHNICAL_KERNEL
IUINTIRS;UNUSED
IUINVFRA;Account_Management
IUINVFRA;TECHNICAL_KERNEL
IUINVFRA;TECHNICAL_KERNEL
IUINVFRA;Finance
IUINVFRA;Financial_Markets
IUINVFRA;Financial_Markets
IUINVFX;Account_Management
IUINVFX;TECHNICAL_KERNEL
IUINVFX;Financial_Markets
IUINVFX;TECHNICAL_KERNEL
IUINVFX;Finance
IUINVFX;Financial_Markets
IUINVFX;Financial_Markets
IUINVIRF;TECHNICAL_KERNEL
IUINVIRF;TECHNICAL_KERNEL
IUINVIRF;Financial_Markets
IUINVIRS;Account_Management
IUINVIRS;TECHNICAL_KERNEL
IUINVIRS;TECHNICAL_KERNEL
IUINVIRS;Finance
IUINVIRS;Financial_Markets
IUINVIRS;Financial_Markets
IUINVIRS;Financial_Markets
IUINVIRS;Financial_Markets
IUINVIRS;Financial_Markets
IUINVLD;Account_Management
IUINVLD;TECHNICAL_KERNEL
IUINVLD;Financial_Markets
IUINVLD;TECHNICAL_KERNEL
IUINVLD;Finance
IUINVLD;Financial_Markets
IUINVLD;Financial_Markets
IUINVLD;Financial_Markets
IUINVOP;Account_Management
IUINVOP;TECHNICAL_KERNEL
IUINVOP;TECHNICAL_KERNEL
IUINVOP;Finance
IUINVOP;Financial_Markets
IUINVOP;Financial_Markets
IUIPUBART;UNUSED
IUIPUBART;TECHNICAL_KERNEL
IUIPUBART;TECHNICAL_KERNEL
IUIRFMRG;TECHNICAL_KERNEL
IUIRFMRG;TECHNICAL_KERNEL
IUIRFMRG;Financial_Markets
IUIRFTRPTR;TECHNICAL_KERNEL
IUIRSFIX;TECHNICAL_KERNEL
IUIRSFIX;TECHNICAL_KERNEL
IUIRSFIX;UNUSED
IUIRSFIX;Financial_Markets
IUISPIODEL;TECHNICAL_KERNEL
IUISPIODEL;TECHNICAL_KERNEL
IULDIRF;TECHNICAL_KERNEL
IULDIRF;TECHNICAL_KERNEL
IULDIRF;UNUSED
IULDIRF;Financial_Markets
IULDIRFCON;TECHNICAL_KERNEL
IULDIRFCON;TECHNICAL_KERNEL
IULDIRFCON;Financial_Markets
IULDIRFCON;Financial_Markets
IULDIRSTR;TECHNICAL_KERNEL
IULDIRSTR;TECHNICAL_KERNEL
IULDIRSTR;UNUSED
IULDIRSTR;Financial_Markets
IULDRCNV;TECHNICAL_KERNEL
IULDRCNV;UNUSED
IULDRDSFF;TECHNICAL_KERNEL
IULDRDSFF;TECHNICAL_KERNEL
IULDRDSFF;UNUSED
IULDRDSFF;Financial_Markets
IULDRDSFFC;TECHNICAL_KERNEL
IULDRDSFFC;TECHNICAL_KERNEL
IULDRDSFFC;UNUSED
IULDRDSFFC;Financial_Markets
IULDRDSFFC;Financial_Markets
IULDRDSFFM;TECHNICAL_KERNEL
IULDRDSFFM;TECHNICAL_KERNEL
IULDRDSFFM;UNUSED
IULDRDSFR;TECHNICAL_KERNEL
IULDRDSFR;TECHNICAL_KERNEL
IULDRDSFR;UNUSED
IULDRDSFR;Financial_Markets
IULDRDSFR;Financial_Markets
IULDRDSIR;TECHNICAL_KERNEL
IULDRDSIR;TECHNICAL_KERNEL
IULDRDSIR;Financial_Markets
IULDRDSIR;Financial_Markets
IULDRDSIR;UNUSED
IULDRDSOP;TECHNICAL_KERNEL
IULDRDSOP;TECHNICAL_KERNEL
IULDRDSOP;Financial_Markets
IULDRDSOP;Financial_Markets
IULDRDSOP;UNUSED
IULDTRPTRA;TECHNICAL_KERNEL
IULDWSIRS;TECHNICAL_KERNEL
IULDWSIRS;TECHNICAL_KERNEL
IULDWSIRS;UNUSED
IULDWSIRS;Financial_Markets
IULDWSIRS;Financial_Markets
IULOADFRTR;TECHNICAL_KERNEL
IULOADFRTR;Financial_Markets
IULOADFRTR;UNUSED
IULOADFXTR;TECHNICAL_KERNEL
IULOADFXTR;UNUSED
IULOADFXTR;Financial_Markets
IULOADFXTR;Financial_Markets
IULOADFXTR;TECHNICAL_KERNEL
IULOADLDTR;TECHNICAL_KERNEL
IULOADLDTR;UNUSED
IULOADLDTR;Financial_Markets
IULOADLDTR;Financial_Markets
IULOADLDTR;TECHNICAL_KERNEL
IUMKSWCN2;TECHNICAL_KERNEL
IUMKSWCN2;TECHNICAL_KERNEL
IUMKSWCN2;Payment_And_Cash_Management
IUMLYACCF3;Account_Management
IUMLYACCF3;TECHNICAL_KERNEL
IUMLYACCF3;TECHNICAL_KERNEL
IUMLYACCFF;Account_Management
IUMLYACCFF;TECHNICAL_KERNEL
IUMLYACCFF;TECHNICAL_KERNEL
IUMLYACCFR;Account_Management
IUMLYACCFR;TECHNICAL_KERNEL
IUMLYACCIR;Account_Management
IUMLYACCIR;TECHNICAL_KERNEL
IUMLYACCL3;Account_Management
IUMLYACCL3;TECHNICAL_KERNEL
IUMLYACCL3;TECHNICAL_KERNEL
IUNETCOPM;Account_Management
IUNETCOPM;TECHNICAL_KERNEL
IUNETCOPM;TECHNICAL_KERNEL
IUNETCOPM;Payment_And_Cash_Management
IUNOSVALDL;TECHNICAL_KERNEL
IUNOSVALDL;TECHNICAL_KERNEL
IUNOSVALMT;Account_Management
IUNOSVALMT;TECHNICAL_KERNEL
IUNOSVALMT;TECHNICAL_KERNEL
IUOPTRPTRA;TECHNICAL_KERNEL
IUPAYLOAD;TECHNICAL_KERNEL
IUPAYLOAD;TECHNICAL_KERNEL
IURECCON;TECHNICAL_KERNEL
IURECCON;TECHNICAL_KERNEL
IURECCON;Finance
IUREMMATFR;TECHNICAL_KERNEL
IUREMMATFX;TECHNICAL_KERNEL
IUREMMATIF;TECHNICAL_KERNEL
IUREMMATIF;TECHNICAL_KERNEL
IUREMMATIR;TECHNICAL_KERNEL
IUREMMATLD;TECHNICAL_KERNEL
IUREMMATOP;TECHNICAL_KERNEL
IUREMRCNV;TECHNICAL_KERNEL
IUSELCONPM;Account_Management
IUSELCONPM;TECHNICAL_KERNEL
IUSELCONPM;Financial_Markets
IUSELCONPM;Financial_Markets
IUSELCONPM;Financial_Markets
IUSELCONPM;Payment_And_Cash_Management
IUSELCONPM;Financial_Markets
IUSELCONPM;Financial_Markets
IUSELDAYCN;Account_Management
IUSELDAYCN;TECHNICAL_KERNEL
IUSELDAYCN;TECHNICAL_KERNEL
IUSELDAYCN;Financial_Markets
IUSELDAYCN;Financial_Markets
IUSELDAYCN;Financial_Markets
IUSELDAYCN;Financial_Markets
IUSELDAYCN;Financial_Markets
IUSELPM;TECHNICAL_KERNEL
IUSELPM;TECHNICAL_KERNEL
IUSWFACK;TECHNICAL_KERNEL
IUSWFACK;TECHNICAL_KERNEL
IUSWFACK;TECHNICAL_KERNEL
IUTECDL;TECHNICAL_KERNEL
IUTKOSWF2;TECHNICAL_KERNEL
LLBRCS;TECHNICAL_KERNEL
LLBRCS;TECHNICAL_KERNEL
LLBRCSAUT;TECHNICAL_KERNEL
CP-008UPDNVM;Account_Management
GI-109IRSTR;UNUSED
GI-132-IBATO;Account_Management
GP-088MATCH-DEAL;Financial_Markets
GP-088MATCH-DEAL;Financial_Markets
GP-088MATCH-DEAL;Financial_Markets
GP-088SHORT-DEAL;Financial_Markets
GP-088SHORT-DEAL;Financial_Markets
GP-088SHORT-DEAL;Financial_Markets
GP-091BDL-ACCEVT;Financial_Markets
GP-091BDL-ACCEVT;Financial_Markets
GP-091BDL-ACCEVT2;Financial_Markets
GP-091BDL-ACCEVT2;Financial_Markets
GP-096BDL-PMTEVT;Financial_Markets
GP-096-PMTEVT;Financial_Markets
GP-097GET-ACCEVT;Account_Management
GP-111MBS-CPN;Finance
GR-003REPERRORS;TECHNICAL_KERNEL
II-008PAYMENTFILL;Financial_Markets
IP-008BONDNVM;Account_Management
IP-008FEXCNVM;Account_Management
IP-008FRMMNVM;Account_Management
IP-008IRCSNVM;Account_Management
IP-008LDMMNVM;Account_Management
IP-008OPTSNVM;Account_Management
IP-016GET-ISAVO;TECHNICAL_KERNEL
ALDLBSHRCN;TECHNICAL_KERNEL
ALDLLINT;TECHNICAL_KERNEL
ALDLREPFFT;TECHNICAL_KERNEL
ALDLREPFFT;TECHNICAL_KERNEL
ALDLREPLOA;TECHNICAL_KERNEL
ALHKM002;TECHNICAL_KERNEL
ALHKM002;TECHNICAL_KERNEL
AUCNVACCR;TECHNICAL_KERNEL
AUCNVACCR;TECHNICAL_KERNEL
CC3PM;Lending
CCMCC;Lending
CCMHA;Lending
CCMHA;Lending
CCMHA;Lending
CCMHC;Lending
CCMHC;Account_Management
CCMIC;Lending
CCOCM;UNUSED
CCOMS;UNUSED
CCOMS;Lending
CCORM;Lending
CCPIA;Lending
CCPOA;Lending
CCPOA;Lending
CFA1M;Lending
CFA2C;Lending
CFAIA;Lending
CFAIA;Lending
CFARM;Lending
CFDDC;Lending
CFFEM;Lending
CFFEM;Lending
CFIIC;Financial_Markets
CFIIC;Lending
CFINA;Lending
CFINA;Lending
CFINA;Lending
CFNOA;Lending
CFOIA;Lending
CFOIC;Financial_Markets
CFOIC;Lending
CFRSM;Lending
CFUPM;Lending
CFUSM;Lending
CFXRM;Lending
CGUA2;Lending
CGUAS;Finance
CGUAS;Lending
CGUCM;Lending
CGURM;Lending
CHFCM;Lending
CHFCM;Lending
CINOA;Lending
CITIC;Financial_Markets
CITIC;Lending
CLBANKLIM1;TECHNICAL_KERNEL
CLBANKLND1;TECHNICAL_KERNEL
CLBANKLOA1;TECHNICAL_KERNEL
CLBCKWG18;TECHNICAL_KERNEL
CLBCKWG18;TECHNICAL_KERNEL
CLBNKEXP;TECHNICAL_KERNEL
CLCALLDEP;TECHNICAL_KERNEL
CLCALLDEP;TECHNICAL_KERNEL
CLCCRYOUT;TECHNICAL_KERNEL
CLCHECKFAC;TECHNICAL_KERNEL
CLCHECKFAC;TECHNICAL_KERNEL
CLCHKCGURO;TECHNICAL_KERNEL
CLCMCONAL;TECHNICAL_KERNEL
CLCMLOALST;TECHNICAL_KERNEL
CLCMLOALST;TECHNICAL_KERNEL
CLCMOUTIN2;TECHNICAL_KERNEL
CLCMOUTINT;TECHNICAL_KERNEL
CLCOMCHGE;TECHNICAL_KERNEL
CLCOMCHGE;TECHNICAL_KERNEL
CLCOMDCT;TECHNICAL_KERNEL
CLCOMDCTG;TECHNICAL_KERNEL
CLCOMINT;TECHNICAL_KERNEL
CLCOMINT;TECHNICAL_KERNEL
CLCOMMLIST;TECHNICAL_KERNEL
CLCOMMLST;TECHNICAL_KERNEL
CLCOMNEW;TECHNICAL_KERNEL
CLCOMNEW;TECHNICAL_KERNEL
CLCOMOUT;TECHNICAL_KERNEL
CLCOMWAR;TECHNICAL_KERNEL
CLCONSELCM;TECHNICAL_KERNEL
CLCROCO;TECHNICAL_KERNEL
CLCUSTLIM1;TECHNICAL_KERNEL
CLCUSTLND1;TECHNICAL_KERNEL
CLCUSTLOA1;TECHNICAL_KERNEL
CLCUSTLOA2;TECHNICAL_KERNEL
CLDLLAGZ;TECHNICAL_KERNEL
CLDLLISIMO;TECHNICAL_KERNEL
CLDLLISIMO;TECHNICAL_KERNEL
CLDLRAVA;TECHNICAL_KERNEL
CLDLYCALL;TECHNICAL_KERNEL
CLDLYCALL;TECHNICAL_KERNEL
CLDLYMVT;TECHNICAL_KERNEL
CLDLYMVT;TECHNICAL_KERNEL
CLEXSOUTO;TECHNICAL_KERNEL
CLEXSOUTO;TECHNICAL_KERNEL
CLFACCRCS;TECHNICAL_KERNEL
CLFACCRCS;TECHNICAL_KERNEL
CLFACCRTRE;TECHNICAL_KERNEL
CLFACDOCIN;TECHNICAL_KERNEL
CLFACFDD;TECHNICAL_KERNEL
CLFACFDD;TECHNICAL_KERNEL
CLFACFLFCR;TECHNICAL_KERNEL
CLFACINT;TECHNICAL_KERNEL
CLFACINT;TECHNICAL_KERNEL
CLFACINTRM;TECHNICAL_KERNEL
CLFACINVRE;TECHNICAL_KERNEL
CLFACIRV2M;TECHNICAL_KERNEL
CLFACLNREP;TECHNICAL_KERNEL
CLFACMAT2M;TECHNICAL_KERNEL
CLFACMAT2M;TECHNICAL_KERNEL
CLFACMEMRE;TECHNICAL_KERNEL
CLFACNHOAP;TECHNICAL_KERNEL
CLFACOUTRE;TECHNICAL_KERNEL
CLFACOUTRE;TECHNICAL_KERNEL
CLFACOVER;TECHNICAL_KERNEL
CLFACOVER;TECHNICAL_KERNEL
CLFACREPRE;TECHNICAL_KERNEL
CLFACREPWA;TECHNICAL_KERNEL
CLFACWAR;TECHNICAL_KERNEL
CLFUSLST;TECHNICAL_KERNEL
CLGUACOM;TECHNICAL_KERNEL
CLGUAINTER;TECHNICAL_KERNEL
CLGUAREPRE;TECHNICAL_KERNEL
CLGUATRANS;TECHNICAL_KERNEL
CLGUAWAR;TECHNICAL_KERNEL
CLGUAXDMAT;TECHNICAL_KERNEL
CLHOLWARN;TECHNICAL_KERNEL
CLLDCMAUT;TECHNICAL_KERNEL
CLLOAOUT;TECHNICAL_KERNEL
CLLSTWAR;TECHNICAL_KERNEL
CLOUTDEPFA;TECHNICAL_KERNEL
CLOUTDEPFA;TECHNICAL_KERNEL
CLPERSONNL;TECHNICAL_KERNEL
CLPRIBASLN;TECHNICAL_KERNEL
CLPRIBASSM;TECHNICAL_KERNEL
CLPRIBASSM;TECHNICAL_KERNEL
CLPRIDEALS;TECHNICAL_KERNEL
CLSECCOMP;TECHNICAL_KERNEL
CLSECCOMP;TECHNICAL_KERNEL
CLSECFIMAT;TECHNICAL_KERNEL
CLSECFIMAT;TECHNICAL_KERNEL
CLSECFLFCR;TECHNICAL_KERNEL
CLSECINT;TECHNICAL_KERNEL
CLSECINVRE;TECHNICAL_KERNEL
CLSECINVRE;TECHNICAL_KERNEL
CLSECMAT2M;TECHNICAL_KERNEL
CLSECMATRE;TECHNICAL_KERNEL
CLSECMEMRE;TECHNICAL_KERNEL
CLSECTYP2C;TECHNICAL_KERNEL
CLSECTYP2M;TECHNICAL_KERNEL
CLSHRSECVL;TECHNICAL_KERNEL
CLSHRSECVL;TECHNICAL_KERNEL
CLWARROLL;TECHNICAL_KERNEL
CLWARROLL2;TECHNICAL_KERNEL
CLWARROLL2;TECHNICAL_KERNEL
CMHIA;Lending
CMHIC;Lending
CMHIF;Lending
CMHIF;Account_Management
CMHIF;Lending
CMHIF;Lending
CMHIF;Lending
CMRGM;Lending
CMTIF;Lending
CMTIF;Lending
CMTIM;Lending
CMTLM;Lending
CMTVM;Lending
COTIA;Lending
CPAYA;Lending
CPAYA;Lending
CPOIC;Lending
CPOIC;Lending
CPTDC;Lending
CPTIC;Financial_Markets
CREPM;Lending
CREPM;UNUSED
CREXM;Lending
CRIIC;Financial_Markets
CRIIC;Lending
CRMOA;Lending
CROCM;Lending
CSC1M;UNUSED
CSCOM;Lending
CSE1M;UNUSED
CSE2C;Lending
CSE2M;UNUSED
CSECF;Lending
CSECF;Lending
CUATCRLOVR;TECHNICAL_KERNEL
CUATCRLOVR;Lending
CUATCRLOVR;Account_Management
CUATCRLOVR;Lending
CUATCRLOVR;Lending
CUATCRLOVR;Lending
CUBANKEXC1;TECHNICAL_KERNEL
CUCCMHOUPD;TECHNICAL_KERNEL
CUCCMHOUPD;TECHNICAL_KERNEL
CUCLEANCOM;TECHNICAL_KERNEL
CUCLEANDIC;TECHNICAL_KERNEL
CUCLEANRES;TECHNICAL_KERNEL
CUCLEANRES;TECHNICAL_KERNEL
CUCOMATRDO;Account_Management
CUCOMATRDO;TECHNICAL_KERNEL
CUCOMATRDO;TECHNICAL_KERNEL
CUCOMCLEAN;TECHNICAL_KERNEL
CUCOMCRINT;TECHNICAL_KERNEL
CUCOMCRINT;Lending
CUCOMCRINT;Account_Management
CUCONFIF2;Account_Management
CUCONFIF2;TECHNICAL_KERNEL
CUCONFIF2;TECHNICAL_KERNEL
CUCONFIF2;Lending
CUCONFIFS;Account_Management
CUCONFIFS;TECHNICAL_KERNEL
CUCONFIFS;TECHNICAL_KERNEL
CUCONFIFS;Lending
CUCONFIRM;Account_Management
CUCONFIRM;TECHNICAL_KERNEL
CUCONFIRM;TECHNICAL_KERNEL
CUCONFIRM;Lending
CUCONFMIL;Account_Management
CUCONFMIL;TECHNICAL_KERNEL
CUCONFMIL;TECHNICAL_KERNEL
CUCONFMIL;Lending
CUCRSWCM2;Account_Management
CUCRSWCM2;TECHNICAL_KERNEL
CUCRSWCM2;TECHNICAL_KERNEL
CUCUSTEXC1;TECHNICAL_KERNEL
CUDELCM;TECHNICAL_KERNEL
CUDELCM;TECHNICAL_KERNEL
CUDELCMCON;TECHNICAL_KERNEL
CUDELCMCON;Lending
CUDELCMCON;Account_Management
CUDLLRDS;TECHNICAL_KERNEL
CUDLLRDS;TECHNICAL_KERNEL
CUDLLRDS;Finance
CUDLLRDS;Lending
CUDLLRDS;Account_Management
CUDLYABS;Account_Management
CUDLYABS;TECHNICAL_KERNEL
CUDLYCOMTR;TECHNICAL_KERNEL
CUDLYCSLFO;TECHNICAL_KERNEL
CUDLYFACTR;Account_Management
CUDLYFACTR;TECHNICAL_KERNEL
CUDLYFACTR;TECHNICAL_KERNEL
CUDLYFUSTR;TECHNICAL_KERNEL
CUDLYREPWA;TECHNICAL_KERNEL
CUDLYREPWA;TECHNICAL_KERNEL
CUDLYRTR;TECHNICAL_KERNEL
CUDLYRTR;Lending
CUDLYSECTR;Account_Management
CUDLYSECTR;TECHNICAL_KERNEL
CUDLYSECTR;TECHNICAL_KERNEL
CUDLYSECTR;Lending
CUEXSINITH;TECHNICAL_KERNEL
CUEXSINITH;Lending
CUEXSOUTO1;TECHNICAL_KERNEL
CUEXSOUTO1;TECHNICAL_KERNEL
CUEXSOUTO1;Lending
CUEXSOUTOH;TECHNICAL_KERNEL
CUEXSOUTOH;TECHNICAL_KERNEL
CUFACOUTS;TECHNICAL_KERNEL
CUFACOUTS;TECHNICAL_KERNEL
CUFACOUTS;Lending
CUFACOUTS;Lending
CUFEECAL;Account_Management
CUFEECAL;TECHNICAL_KERNEL
CUFEECAL;TECHNICAL_KERNEL
CUFEECAL;Lending
CUFLOATRTE;TECHNICAL_KERNEL
CUFLOATRTE;TECHNICAL_KERNEL
CUFLOATRTE;Lending
CUGUAACCRE;Account_Management
CUGUAACCRE;TECHNICAL_KERNEL
CUGUAACCRE;Lending
CUGUACOMA2;Account_Management
CUGUACOMA2;TECHNICAL_KERNEL
CUGUACOMA2;TECHNICAL_KERNEL
CUGUACOMAD;Account_Management
CUGUACOMAD;TECHNICAL_KERNEL
CUGUACOMAD;TECHNICAL_KERNEL
CUGUACOMEX;TECHNICAL_KERNEL
CUGUACONTR;Account_Management
CUGUACONTR;TECHNICAL_KERNEL
CUGUACONTR;Finance
CUHLPDELCM;TECHNICAL_KERNEL
CUHLPDELCM;TECHNICAL_KERNEL
CUIPMM;TECHNICAL_KERNEL
CUIPRDCHG;TECHNICAL_KERNEL
CUIPRDCHG;TECHNICAL_KERNEL
CUMAKRISCL;TECHNICAL_KERNEL
CUMAKRISSE;TECHNICAL_KERNEL
CUMATPOS;TECHNICAL_KERNEL
CUMATPOS;Lending
CUMLYACCCL;Account_Management
CUMLYACCCL;TECHNICAL_KERNEL
CUMLYRTR;TECHNICAL_KERNEL
CUMLYRTR;Lending
CUMMPURI;TECHNICAL_KERNEL
CUMMPURI;TECHNICAL_KERNEL
CUORPHSEC;TECHNICAL_KERNEL
CUPDPFAC;TECHNICAL_KERNEL
CURTRFAC;TECHNICAL_KERNEL
CUSELPAYM;Account_Management
CUSELPAYM;TECHNICAL_KERNEL
CUSELPAYM;TECHNICAL_KERNEL
CUSELPAYM;Lending
CUTRFACSEC;TECHNICAL_KERNEL
CUTRFWAREP;TECHNICAL_KERNEL
CUTRFWAREP;TECHNICAL_KERNEL
CUUPDFAC;TECHNICAL_KERNEL
CUUPDFAC;TECHNICAL_KERNEL
DUPURCNDI;TECHNICAL_KERNEL
DUPURCNDI;TECHNICAL_KERNEL
GLEURDEALS;TECHNICAL_KERNEL
GLEURDEALS;TECHNICAL_KERNEL
ILBOEDEP52;TECHNICAL_KERNEL
ILCONSELSC;TECHNICAL_KERNEL
ILCONSELSC;TECHNICAL_KERNEL
ILDLLCSS12;TECHNICAL_KERNEL
ILDLLCSS12;TECHNICAL_KERNEL
ILDOCTMAT;TECHNICAL_KERNEL
ILDOCTMAT;TECHNICAL_KERNEL
ILEXPBNK50;TECHNICAL_KERNEL
ILEXPCLI50;TECHNICAL_KERNEL
ILSIMPMEM;TECHNICAL_KERNEL
ILSIMPMEM;TECHNICAL_KERNEL
ILSIMPREP;TECHNICAL_KERNEL
ILSIMPREP;TECHNICAL_KERNEL
ISIMC;Finance
ISIMC;Lending
ISIMS;Finance
IUBOEB7SEL;TECHNICAL_KERNEL
IUDELISIMO;TECHNICAL_KERNEL
IULOADLC;TECHNICAL_KERNEL
IULOADLC;TECHNICAL_KERNEL
IULOADLC;Lending
LLCUSDEAL;TECHNICAL_KERNEL
LLCUSDEAL;TECHNICAL_KERNEL
MLPTFAC;TECHNICAL_KERNEL
MLPTFAC;TECHNICAL_KERNEL
MLPTGUA;TECHNICAL_KERNEL
MLPTGUA;TECHNICAL_KERNEL
RLFACDRAW;TECHNICAL_KERNEL
RLFACDRAW;TECHNICAL_KERNEL
TLDLVORTEX;TECHNICAL_KERNEL
CP-UPD-CASH-FLOW;Lending
GI-060-RTR-ADETS;Finance
GI-060-RTR-AMVTO;Finance
GI-060-RTR-BDLGO;Finance
GI-060-RTR-CCMHO;Finance
GI-060-RTR-CGUAS;Finance
GI-060-RTR-CGUAS2;Finance
GI-060-RTR-CMTCO;Finance
GI-060-RTR-CSHAO;Finance
GI-060-RTR-CSHOO;Finance
GI-060-RTR-IFRAO;Finance
GI-060-RTR-IFXCO;Finance
GI-060-RTR-IGIRO;Finance
GI-060-RTR-IOPTS;Finance
GI-060-RTR-IOPTS2;Finance
GI-060-RTR-ISIMO;Finance
GI-060-RTR-ITLDO;Finance
GR-003REPERRORS;TECHNICAL_KERNEL
AINIF;Account_Management
ALAIBRTAB;TECHNICAL_KERNEL
ALCUSTMIL;TECHNICAL_KERNEL
ALCUSTMIL;TECHNICAL_KERNEL
AUCNVLCCYS;TECHNICAL_KERNEL
AUDELICIY;TECHNICAL_KERNEL
CLCPACC;TECHNICAL_KERNEL
CLCPACCT;TECHNICAL_KERNEL
CLCPACCT;TECHNICAL_KERNEL
CLCPACIRC;TECHNICAL_KERNEL
CLCPACIRC;TECHNICAL_KERNEL
CLCPACRS;TECHNICAL_KERNEL
CLCPACRS;TECHNICAL_KERNEL
CLCPBND;TECHNICAL_KERNEL
CLCPBND;TECHNICAL_KERNEL
CLCPBNDC;TECHNICAL_KERNEL
CLCPBNDC;TECHNICAL_KERNEL
CLCPBNDL;TECHNICAL_KERNEL
CLCPBNDL;TECHNICAL_KERNEL
CLCPBRCH;TECHNICAL_KERNEL
CLCPBRCH;TECHNICAL_KERNEL
CLCPBROK;TECHNICAL_KERNEL
CLCPBROK;TECHNICAL_KERNEL
CLCPBVAL;TECHNICAL_KERNEL
CLCPCBN;TECHNICAL_KERNEL
CLCPCBN;TECHNICAL_KERNEL
CLCPCHA;TECHNICAL_KERNEL
CLCPCHA;TECHNICAL_KERNEL
CLCPCHQE;TECHNICAL_KERNEL
CLCPCHQE;TECHNICAL_KERNEL
CLCPCO;TECHNICAL_KERNEL
CLCPCO;TECHNICAL_KERNEL
CLCPCTP;TECHNICAL_KERNEL
CLCPCTP2;TECHNICAL_KERNEL
CLCPCTP2;TECHNICAL_KERNEL
CLCPCTRY;TECHNICAL_KERNEL
CLCPCTRY;TECHNICAL_KERNEL
CLCPCURR;TECHNICAL_KERNEL
CLCPCURR;TECHNICAL_KERNEL
CLCPEO;TECHNICAL_KERNEL
CLCPEO;TECHNICAL_KERNEL
CLCPEXC;TECHNICAL_KERNEL
CLCPEXC;TECHNICAL_KERNEL
CLCPFAC;TECHNICAL_KERNEL
CLCPFAC;TECHNICAL_KERNEL
CLCPFAM;TECHNICAL_KERNEL
CLCPFAM;TECHNICAL_KERNEL
CLCPFRA;TECHNICAL_KERNEL
CLCPFRA;TECHNICAL_KERNEL
CLCPFX;TECHNICAL_KERNEL
CLCPFX;TECHNICAL_KERNEL
CLCPGUA;TECHNICAL_KERNEL
CLCPGUA;TECHNICAL_KERNEL
CLCPIRS;TECHNICAL_KERNEL
CLCPIRS;TECHNICAL_KERNEL
CLCPLD;TECHNICAL_KERNEL
CLCPLD;TECHNICAL_KERNEL
CLCPLDCM;TECHNICAL_KERNEL
CLCPLDCM;TECHNICAL_KERNEL
CLCPPFTC;TECHNICAL_KERNEL
CLCPPFTC;TECHNICAL_KERNEL
CLCPPMNT;TECHNICAL_KERNEL
CLCPPMNT;TECHNICAL_KERNEL
CLCPPMT2;TECHNICAL_KERNEL
CLCPPMT2;TECHNICAL_KERNEL
CLCPPMTC;TECHNICAL_KERNEL
CLCPPMTC;TECHNICAL_KERNEL
CLCPPRD;TECHNICAL_KERNEL
CLCPPRD;TECHNICAL_KERNEL
CLCPPRNL;TECHNICAL_KERNEL
CLCPPRNL;TECHNICAL_KERNEL
CLCPRATE;TECHNICAL_KERNEL
CLCPRATE;TECHNICAL_KERNEL
CLCPRES;TECHNICAL_KERNEL
CLCPRES;TECHNICAL_KERNEL
CLCPSEC;TECHNICAL_KERNEL
CLCPSEC;TECHNICAL_KERNEL
CLCPSHR;TECHNICAL_KERNEL
CLCPSHR;TECHNICAL_KERNEL
CLCPSHRLI;TECHNICAL_KERNEL
CLCPSHRLI;TECHNICAL_KERNEL
CLCPSHRM;TECHNICAL_KERNEL
CLCPSHRM;TECHNICAL_KERNEL
CLCPSIM;TECHNICAL_KERNEL
CLCPSIM;TECHNICAL_KERNEL
CUICNFS;TECHNICAL_KERNEL
CUICNFS;TECHNICAL_KERNEL
CUICNFS;MDM_Management
DUSWF942;Account_Management
DUSWF942;TECHNICAL_KERNEL
DUSWF942;TECHNICAL_KERNEL
GUCRESUB3;TECHNICAL_KERNEL
GUCRESUB3;Finance
GUCRESUB3;MDM_Management
GUCRESUB3;Finance
GUCRESUB3;Finance
GUCRESUB3;Account_Management
GUCRESUB3;Account_Management
GUCRESUB3;Account_Management
GUCRESUB3;Finance
GUCRESUB3;TECHNICAL_KERNEL
IEBAM;Lending
IUCLNTBL;TECHNICAL_KERNEL
LBSKM;UNUSED
LUARPPM;TECHNICAL_KERNEL
LULDLGRDO;TECHNICAL_KERNEL
LULDLGRDO;TECHNICAL_KERNEL
LULDLGRDO;MDM_Management
LULDLGRDO;MDM_Management
LUMQGRID;TECHNICAL_KERNEL
LUMQGRID;TECHNICAL_KERNEL
LUMQGRID;MDM_Management
LUMQGRID;MDM_Management
LUNYCLCTPS;TECHNICAL_KERNEL
LUNYCLCTPS;TECHNICAL_KERNEL
TLDLGRDRCN;TECHNICAL_KERNEL
TOBARACCO3;Lending
GR-003REPERRORS;TECHNICAL_KERNEL
ALCRYMONIT;TECHNICAL_KERNEL
ALCRYMONIT;TECHNICAL_KERNEL
ALDLLCCRCN;TECHNICAL_KERNEL
ALDLLELSAG;TECHNICAL_KERNEL
AUSTMPRC;TECHNICAL_KERNEL
AUSTMPRC;TECHNICAL_KERNEL
AUSTMPRC;Payment_And_Cash_Management
DBATM;Payment_And_Cash_Management
DCBIC;UNUSED
DCBMM;MDM_Management
DCDIC;UNUSED
DCNBC;Payment_And_Cash_Management
DCNCC;Payment_And_Cash_Management
DCNDA;Payment_And_Cash_Management
DCNDS;Payment_And_Cash_Management
DCNDT;Payment_And_Cash_Management
DCNIC;UNUSED
DCNIF;Payment_And_Cash_Management
DCNPC;Payment_And_Cash_Management
DCNTM;Payment_And_Cash_Management
DCONA;Payment_And_Cash_Management
DCPIC;UNUSED
DCTIF;Payment_And_Cash_Management
DDDCM;Payment_And_Cash_Management
DDI2M;Payment_And_Cash_Management
DDICM;Payment_And_Cash_Management
DECHM;Payment_And_Cash_Management
DFRTC;Payment_And_Cash_Management
DFSCF;Payment_And_Cash_Management
DFSCM;Payment_And_Cash_Management
DFSIF;Payment_And_Cash_Management
DFSIM;Payment_And_Cash_Management
DGCAM;Payment_And_Cash_Management
DHERECRSND;Payment_And_Cash_Management
DIDEC;TECHNICAL_KERNEL
DIDEC;Payment_And_Cash_Management
DIIEC;TECHNICAL_KERNEL
DIIEC;Payment_And_Cash_Management
DIIGC;TECHNICAL_KERNEL
DIIGC;Payment_And_Cash_Management
DIIIF;TECHNICAL_KERNEL
DIIIF;Payment_And_Cash_Management
DIINC;TECHNICAL_KERNEL
DIINC;Payment_And_Cash_Management
DIIRC;TECHNICAL_KERNEL
DIIRC;Payment_And_Cash_Management
DIIUC;TECHNICAL_KERNEL
DIIUC;Payment_And_Cash_Management
DIIUF;TECHNICAL_KERNEL
DIIUF;Payment_And_Cash_Management
DIOD2;Payment_And_Cash_Management
DIOEC;TECHNICAL_KERNEL
DIOEC;Payment_And_Cash_Management
DIOGC;TECHNICAL_KERNEL
DIOGC;Account_Management
DIOGC;Payment_And_Cash_Management
DIONC;TECHNICAL_KERNEL
DIONC;Account_Management
DIONC;Payment_And_Cash_Management
DIORC;TECHNICAL_KERNEL
DIORC;Payment_And_Cash_Management
DIOUC;TECHNICAL_KERNEL
DIOUC;Account_Management
DIOUC;Payment_And_Cash_Management
DIOUC;Payment_And_Cash_Management
DIPT5;Account_Management
DLAMBASBAL;TECHNICAL_KERNEL
DLBALCHECK;TECHNICAL_KERNEL
DLBALCHECK;TECHNICAL_KERNEL
DLBENERRIT;TECHNICAL_KERNEL
DLBENERRIT;TECHNICAL_KERNEL
DLBNKCHRG;TECHNICAL_KERNEL
DLBNKCHRG;TECHNICAL_KERNEL
DLCLESTS;TECHNICAL_KERNEL
DLCLESTS;TECHNICAL_KERNEL
DLCLNCOND;TECHNICAL_KERNEL
DLCONDAUT;TECHNICAL_KERNEL
DLCONDINT;TECHNICAL_KERNEL
DLCONDINT;TECHNICAL_KERNEL
DLCONDLIST;TECHNICAL_KERNEL
DLCONDTYP;TECHNICAL_KERNEL
DLCONDTYP;TECHNICAL_KERNEL
DLCUSCOM;TECHNICAL_KERNEL
DLCUSCOM;TECHNICAL_KERNEL
DLDLLBL;TECHNICAL_KERNEL
DLDLLBL;TECHNICAL_KERNEL
DLDLLCLEAT;TECHNICAL_KERNEL
DLDLLCLEAT;Account_Management
DLDLLCLEAT;TECHNICAL_KERNEL
DLDLLCLEAT;TECHNICAL_KERNEL
DLDLLCLEAT;Payment_And_Cash_Management
DLDLLCLEGB;Account_Management
DLDLLCLEGB;TECHNICAL_KERNEL
DLDLLCLEGB;TECHNICAL_KERNEL
DLDLLCLEGE;Payment_And_Cash_Management
DLDLLCLEGE;TECHNICAL_KERNEL
DLDLLCLEGE;Account_Management
DLDLLCLEGE;TECHNICAL_KERNEL
DLDLLCLEGE;TECHNICAL_KERNEL
DLDLLCLEIE;TECHNICAL_KERNEL
DLDLLCLEIE;TECHNICAL_KERNEL
DLDLLCLEIT;Account_Management
DLDLLCLEIT;TECHNICAL_KERNEL
DLDLLCLENL;Account_Management
DLDLLCLENL;TECHNICAL_KERNEL
DLDLLCLENL;TECHNICAL_KERNEL
DLDLLCLENL;Payment_And_Cash_Management
DLDLLCLEPT;Account_Management
DLDLLCLEPT;TECHNICAL_KERNEL
DLDLLCLEPT;TECHNICAL_KERNEL
DLDLLCLEPT;TECHNICAL_KERNEL
DLDLLCLESP;Account_Management
DLDLLCLESP;TECHNICAL_KERNEL
DLDLLNMUT;Account_Management
DLDLLNMUT;TECHNICAL_KERNEL
DLDLLNMUT;TECHNICAL_KERNEL
DLDLLNRAMB;TECHNICAL_KERNEL
DLDLLNRAMB;TECHNICAL_KERNEL
DLDLLOUR;TECHNICAL_KERNEL
DLDLLOUR;TECHNICAL_KERNEL
DLDLLPMNT;TECHNICAL_KERNEL
DLDLLPMNT;TECHNICAL_KERNEL
DLDLLPNLT;TECHNICAL_KERNEL
DLDLLPNLT;TECHNICAL_KERNEL
DLDLLRECON;Account_Management
DLDLLRECON;TECHNICAL_KERNEL
DLDLLRECON;TECHNICAL_KERNEL
DLDLLREPAT;TECHNICAL_KERNEL
DLDLLREPAT;TECHNICAL_KERNEL
DLDLLRSK;TECHNICAL_KERNEL
DLDLLRSK;TECHNICAL_KERNEL
DLDLLSEPA;TECHNICAL_KERNEL
DLDLLSEPA;Account_Management
DLDLLSEPA;TECHNICAL_KERNEL
DLDLLSEPA;TECHNICAL_KERNEL
DLDLLSEPA;Payment_And_Cash_Management
DLDLLUNAMD;TECHNICAL_KERNEL
DLDLLUNAMD;TECHNICAL_KERNEL
DLDRFCHG;TECHNICAL_KERNEL
DLDRFCHG;TECHNICAL_KERNEL
DLDSTOAUT;TECHNICAL_KERNEL
DLDSTOAUT;TECHNICAL_KERNEL
DLECHANNEL;TECHNICAL_KERNEL
DLECHANNEL;TECHNICAL_KERNEL
DLERRCDTRN;TECHNICAL_KERNEL
DLERRCDTRN;TECHNICAL_KERNEL
DLHISTDODN;TECHNICAL_KERNEL
DLHISTDODN;TECHNICAL_KERNEL
DLHISTPC;TECHNICAL_KERNEL
DLHISTPCNL;TECHNICAL_KERNEL
DLICMLST;TECHNICAL_KERNEL
DLICMLST;TECHNICAL_KERNEL
DLICMSTA;TECHNICAL_KERNEL
DLICMSTA;TECHNICAL_KERNEL
DLLAMCPAY;Account_Management
DLLAMCPAY;TECHNICAL_KERNEL
DLLAMCPAY;TECHNICAL_KERNEL
DLLCTPPAY;TECHNICAL_KERNEL
DLLCTPPAY;TECHNICAL_KERNEL
DLLMANPAY;TECHNICAL_KERNEL
DLLMANPAY;TECHNICAL_KERNEL
DLLOGLST;TECHNICAL_KERNEL
DLLOGLST;TECHNICAL_KERNEL
DLLPMTSTAT;TECHNICAL_KERNEL
DLLPMTSTAT;TECHNICAL_KERNEL
DLLSPEPAY;TECHNICAL_KERNEL
DLLSPEPAY;TECHNICAL_KERNEL
DLLSTDDC;TECHNICAL_KERNEL
DLLSTDDC;TECHNICAL_KERNEL
DLNAMCHECK;TECHNICAL_KERNEL
DLNAMCHECK;TECHNICAL_KERNEL
DLPMT;TECHNICAL_KERNEL
DLPMTBRLST;TECHNICAL_KERNEL
DLPMTBRLST;TECHNICAL_KERNEL
DLPMTHIS;TECHNICAL_KERNEL
DLPMTTRS;TECHNICAL_KERNEL
DLREPIT1;TECHNICAL_KERNEL
DLREPIT1;TECHNICAL_KERNEL
DLREPIT3;TECHNICAL_KERNEL
DLREPIT3;TECHNICAL_KERNEL
DLSELPMT;TECHNICAL_KERNEL
DLSELPMTHS;TECHNICAL_KERNEL
DLSELPMTTR;TECHNICAL_KERNEL
DLSPOTCOV;TECHNICAL_KERNEL
DLSTMDDMAD;TECHNICAL_KERNEL
DLSTMDDMAD;TECHNICAL_KERNEL
DLSTMDDMAD;TECHNICAL_KERNEL
DLSTOXBR;TECHNICAL_KERNEL
DLSWF101;Account_Management
DLSWF101;TECHNICAL_KERNEL
DLSWF101;TECHNICAL_KERNEL
DLSWF101;Payment_And_Cash_Management
DLSWF103;Account_Management
DLSWF103;TECHNICAL_KERNEL
DLSWF103;TECHNICAL_KERNEL
DLSWF103;Payment_And_Cash_Management
DLSWF202;Account_Management
DLSWF202;TECHNICAL_KERNEL
DLSWF202;Payment_And_Cash_Management
DLSWF204;Account_Management
DLSWF204;TECHNICAL_KERNEL
DLSWF204;TECHNICAL_KERNEL
DLSWF204;Payment_And_Cash_Management
DLTRSDTLS;TECHNICAL_KERNEL
DLTRSDTLS;TECHNICAL_KERNEL
DMSTM;Payment_And_Cash_Management
DPBDC;Payment_And_Cash_Management
DPBDC;TECHNICAL_KERNEL
DPBDC;Payment_And_Cash_Management
DPFBC;Payment_And_Cash_Management
DRDIM;Payment_And_Cash_Management
DRECA;Payment_And_Cash_Management
DREIM;UNUSED
DREPM;Payment_And_Cash_Management
DRPTC;UNUSED
DRTPM;TECHNICAL_KERNEL
DRVPM;TECHNICAL_KERNEL
DRVPM;Payment_And_Cash_Management
DRVPM;Payment_And_Cash_Management
DSI1M;Payment_And_Cash_Management
DSLVM;Payment_And_Cash_Management
DST1M;Payment_And_Cash_Management
DSTIF;Payment_And_Cash_Management
DSV1M;Payment_And_Cash_Management
DUAUTHBAT;TECHNICAL_KERNEL
DUAUTHBAT;TECHNICAL_KERNEL
DUAUTHBAT;TECHNICAL_KERNEL
DUCALCOSPE;Account_Management
DUCALCOSPE;TECHNICAL_KERNEL
DUCALCOSPE;TECHNICAL_KERNEL
DUCHQREQP;TECHNICAL_KERNEL
DUCHQREQP;TECHNICAL_KERNEL
DUCLIEOP;Payment_And_Cash_Management
DUCLIEOP;TECHNICAL_KERNEL
DUCLIEOP;TECHNICAL_KERNEL
DUCLIEOP;Account_Management
DUCLIEOP;TECHNICAL_KERNEL
DUCLIEOP;Payment_And_Cash_Management
DUCORDIPTO;TECHNICAL_KERNEL
DUCORDIPTO;TECHNICAL_KERNEL
DUCORDSTSO;TECHNICAL_KERNEL
DUCORDSTSO;TECHNICAL_KERNEL
DUDLCCLMVT;TECHNICAL_KERNEL
DUDLLAEB45;Account_Management
DUDLLAEB45;TECHNICAL_KERNEL
DUDLLAEB45;TECHNICAL_KERNEL
DUDLLAEB46;TECHNICAL_KERNEL
DUDLLAEB46;Account_Management
DUDLLAEB46;TECHNICAL_KERNEL
DUDLLAEB46;TECHNICAL_KERNEL
DUDLLAEB46;Payment_And_Cash_Management
DUDLLAEB47;Account_Management
DUDLLAEB47;TECHNICAL_KERNEL
DUDLLAEB47;TECHNICAL_KERNEL
DUDLLAEB47;TECHNICAL_KERNEL
DUDLLCLECH;Account_Management
DUDLLCLECH;TECHNICAL_KERNEL
DUDLLCLECH;TECHNICAL_KERNEL
DUDLLCLENL;Account_Management
DUDLLCLENL;TECHNICAL_KERNEL
DUDLLCLENL;TECHNICAL_KERNEL
DUDLLCLENL;Payment_And_Cash_Management
DUDLLCLESI;Account_Management
DUDLLCLESI;TECHNICAL_KERNEL
DUDLLDDCGB;Account_Management
DUDLLDDCGB;TECHNICAL_KERNEL
DUDLLDDCGB;TECHNICAL_KERNEL
DUDLLDRAFT;Account_Management
DUDLLDRAFT;TECHNICAL_KERNEL
DUDLLDRAFT;TECHNICAL_KERNEL
DUDLLENEPT;TECHNICAL_KERNEL
DUDLLENEPT;Account_Management
DUDLLENEPT;TECHNICAL_KERNEL
DUDLLENEPT;TECHNICAL_KERNEL
DUDLLENEPT;Payment_And_Cash_Management
DUDLLPAYGB;Account_Management
DUDLLPAYGB;TECHNICAL_KERNEL
DUDLLPAYGB;TECHNICAL_KERNEL
DUDLLTASK;TECHNICAL_KERNEL
DUECHANNEL;TECHNICAL_KERNEL
DUECHANNEL;TECHNICAL_KERNEL
DUFDBKIRM;TECHNICAL_KERNEL
DUFDBKIRM;TECHNICAL_KERNEL
DUFDBKIRM;Payment_And_Cash_Management
DUFDBMTCH;Payment_And_Cash_Management
DUFDBMTCH;TECHNICAL_KERNEL
DUFISET;TECHNICAL_KERNEL
DUFISET;TECHNICAL_KERNEL
DUFISET;TECHNICAL_KERNEL
DUFLBAT;TECHNICAL_KERNEL
DUFLBAT;TECHNICAL_KERNEL
DUFLBAT;TECHNICAL_KERNEL
DUFLBAT;Payment_And_Cash_Management
DUFLBAT;Account_Management
DUFLICM;TECHNICAL_KERNEL
DUFLICM;TECHNICAL_KERNEL
DUGRCDACCT;Payment_And_Cash_Management
DUGRCDACCT;TECHNICAL_KERNEL
DUGRCDACCT;Account_Management
DUGRCDACCT;TECHNICAL_KERNEL
DUGRCDACCT;TECHNICAL_KERNEL
DUHISDINST;TECHNICAL_KERNEL
DUHISPMT;TECHNICAL_KERNEL
DUHISPMT;TECHNICAL_KERNEL
DUHISPMT;Payment_And_Cash_Management
DUINVXBR;TECHNICAL_KERNEL
DUINVXBR;Payment_And_Cash_Management
DUINVXBR;TECHNICAL_KERNEL
DUINVXBR;Account_Management
DUINVXBRR2;TECHNICAL_KERNEL
DUINVXBRR2;Payment_And_Cash_Management
DUINVXBRR2;Account_Management
DUINVXBRR2;TECHNICAL_KERNEL
DUINVXBRRT;TECHNICAL_KERNEL
DUINVXBRRT;Payment_And_Cash_Management
DUINVXBRRT;TECHNICAL_KERNEL
DUINVXBRRT;Account_Management
DUINVXBRRU;TECHNICAL_KERNEL
DUINVXBRRU;Payment_And_Cash_Management
DUINVXBRRU;Account_Management
DUINVXBRRU;TECHNICAL_KERNEL
DULD8007NE;Payment_And_Cash_Management
DULD8007NE;TECHNICAL_KERNEL
DULD8007NE;TECHNICAL_KERNEL
DULD8007NE;TECHNICAL_KERNEL
DULDAEB19;Payment_And_Cash_Management
DULDAEB19;Payment_And_Cash_Management
DULDAEB19;TECHNICAL_KERNEL
DULDAEB19;TECHNICAL_KERNEL
DULDAEB19;TECHNICAL_KERNEL
DULDAEB19;Payment_And_Cash_Management
DULDAEB19;Account_Management
DULDAEB34;Payment_And_Cash_Management
DULDAEB34;TECHNICAL_KERNEL
DULDAEB34;TECHNICAL_KERNEL
DULDAEB34;TECHNICAL_KERNEL
DULDAEB34;Account_Management
DULDAEB34;Payment_And_Cash_Management
DULDAEB45;Payment_And_Cash_Management
DULDAEB45;Payment_And_Cash_Management
DULDAEB45;TECHNICAL_KERNEL
DULDAEB45;TECHNICAL_KERNEL
DULDAEB45;TECHNICAL_KERNEL
DULDAEB45;Payment_And_Cash_Management
DULDAEB45;Account_Management
DULDAEB46;Payment_And_Cash_Management
DULDAEB46;Payment_And_Cash_Management
DULDAEB46;TECHNICAL_KERNEL
DULDAEB46;TECHNICAL_KERNEL
DULDAEB46;TECHNICAL_KERNEL
DULDAEB46;Account_Management
DULDAEB46;Payment_And_Cash_Management
DULDAEB47;Payment_And_Cash_Management
DULDAEB47;Payment_And_Cash_Management
DULDAEB47;TECHNICAL_KERNEL
DULDAEB47;TECHNICAL_KERNEL
DULDAEB47;TECHNICAL_KERNEL
DULDAEB47;Payment_And_Cash_Management
DULDAEB47;Account_Management
DULDBACSGB;Payment_And_Cash_Management
DULDBACSGB;TECHNICAL_KERNEL
DULDBACSGB;TECHNICAL_KERNEL
DULDBACSGB;Account_Management
DULDBACSGB;TECHNICAL_KERNEL
DULDBACSGB;Payment_And_Cash_Management
DULDBACSIE;Payment_And_Cash_Management
DULDBACSIE;TECHNICAL_KERNEL
DULDBACSIE;TECHNICAL_KERNEL
DULDBACSIE;Account_Management
DULDBACSIE;TECHNICAL_KERNEL
DULDBACSIE;Payment_And_Cash_Management
DULDBE04;Payment_And_Cash_Management
DULDBE04;TECHNICAL_KERNEL
DULDBE04;TECHNICAL_KERNEL
DULDBE04;TECHNICAL_KERNEL
DULDBIREL;TECHNICAL_KERNEL
DULDBIREL;TECHNICAL_KERNEL
DULDBIREL;Payment_And_Cash_Management
DULDCBIIT;Payment_And_Cash_Management
DULDCBIIT;TECHNICAL_KERNEL
DULDCBIIT;TECHNICAL_KERNEL
DULDCBIIT;TECHNICAL_KERNEL
DULDCBIIT;Account_Management
DULDCBIIT;Payment_And_Cash_Management
DULDCHQIE;TECHNICAL_KERNEL
DULDCHQIE;TECHNICAL_KERNEL
DULDCHQIE;Payment_And_Cash_Management
DULDCLEAAT;Payment_And_Cash_Management
DULDCLEAAT;TECHNICAL_KERNEL
DULDCLEAAT;TECHNICAL_KERNEL
DULDCLEAAT;TECHNICAL_KERNEL
DULDCLEAAT;Payment_And_Cash_Management
DULDCLEACH;Payment_And_Cash_Management
DULDCLEACH;TECHNICAL_KERNEL
DULDCLEACH;TECHNICAL_KERNEL
DULDCLEACH;TECHNICAL_KERNEL
DULDCLEACH;Account_Management
DULDCLEACH;Payment_And_Cash_Management
DULDCLEAGE;Payment_And_Cash_Management
DULDCLEAGE;Payment_And_Cash_Management
DULDCLEAGE;TECHNICAL_KERNEL
DULDCLEAGE;TECHNICAL_KERNEL
DULDCLEAGE;TECHNICAL_KERNEL
DULDCLEAGE;Account_Management
DULDCLEAGE;Payment_And_Cash_Management
DULDCLEAGE;Payment_And_Cash_Management
DULDCLEAIT;Payment_And_Cash_Management
DULDCLEAIT;Payment_And_Cash_Management
DULDCLEAIT;TECHNICAL_KERNEL
DULDCLEAIT;TECHNICAL_KERNEL
DULDCLEAIT;TECHNICAL_KERNEL
DULDCLEAIT;Payment_And_Cash_Management
DULDCLEAIT;Account_Management
DULDCLEALC;TECHNICAL_KERNEL
DULDCLEALC;TECHNICAL_KERNEL
DULDCLEALC;Payment_And_Cash_Management
DULDCLEALG;Payment_And_Cash_Management
DULDCLEALG;TECHNICAL_KERNEL
DULDCLEALG;TECHNICAL_KERNEL
DULDCLEALG;TECHNICAL_KERNEL
DULDCLEALG;Account_Management
DULDCLEALG;Payment_And_Cash_Management
DULDCLEALP;Payment_And_Cash_Management
DULDCLEALP;Payment_And_Cash_Management
DULDCLEALP;TECHNICAL_KERNEL
DULDCLEALP;TECHNICAL_KERNEL
DULDCLEALP;TECHNICAL_KERNEL
DULDCLEALP;Account_Management
DULDCLEALP;Payment_And_Cash_Management
DULDCLEAPC;TECHNICAL_KERNEL
DULDCLEAPC;TECHNICAL_KERNEL
DULDCLEAPC;Payment_And_Cash_Management
DULDCLEAPC;Payment_And_Cash_Management
DULDCLEAPP;Payment_And_Cash_Management
DULDCLEAPP;TECHNICAL_KERNEL
DULDCLEAPP;TECHNICAL_KERNEL
DULDCLEAPP;Account_Management
DULDCLEAPP;TECHNICAL_KERNEL
DULDCLEAPP;Payment_And_Cash_Management
DULDCLEARG;Payment_And_Cash_Management
DULDCLEARG;Payment_And_Cash_Management
DULDCLEARG;TECHNICAL_KERNEL
DULDCLEARG;TECHNICAL_KERNEL
DULDCLEARG;Account_Management
DULDCLEARG;TECHNICAL_KERNEL
DULDCLEARG;Payment_And_Cash_Management
DULDCLEARG;Payment_And_Cash_Management
DULDCLEARN;Payment_And_Cash_Management
DULDCLEARN;TECHNICAL_KERNEL
DULDCLEARN;TECHNICAL_KERNEL
DULDCLEARN;TECHNICAL_KERNEL
DULDCLEARN;Payment_And_Cash_Management
DULDCLEARN;Payment_And_Cash_Management
DULDCLEARN;Payment_And_Cash_Management
DULDCLEARN;Payment_And_Cash_Management
DULDCLEARN;Payment_And_Cash_Management
DULDCLEARS;TECHNICAL_KERNEL
DULDCLEARS;TECHNICAL_KERNEL
DULDCLEARS;TECHNICAL_KERNEL
DULDCLEARS;Payment_And_Cash_Management
DULDCLEASI;Payment_And_Cash_Management
DULDCLEASI;TECHNICAL_KERNEL
DULDCLEASI;TECHNICAL_KERNEL
DULDCLEASI;TECHNICAL_KERNEL
DULDCLEASI;Account_Management
DULDCLEASI;Payment_And_Cash_Management
DULDCLLVIE;Payment_And_Cash_Management
DULDCLLVIE;TECHNICAL_KERNEL
DULDCLLVIE;TECHNICAL_KERNEL
DULDCLLVIE;TECHNICAL_KERNEL
DULDCLLVIE;Account_Management
DULDCLLVIE;Payment_And_Cash_Management
DULDDDCRGB;Payment_And_Cash_Management
DULDDDCRGB;TECHNICAL_KERNEL
DULDDDCRGB;TECHNICAL_KERNEL
DULDDDCRGB;TECHNICAL_KERNEL
DULDDDCRGB;Payment_And_Cash_Management
DULDDDCRGB;Account_Management
DULDDIPTO;TECHNICAL_KERNEL
DULDDRAFT;Payment_And_Cash_Management
DULDDRAFT;TECHNICAL_KERNEL
DULDDRAFT;TECHNICAL_KERNEL
DULDDRAFT;TECHNICAL_KERNEL
DULDDTACH;Payment_And_Cash_Management
DULDDTACH;TECHNICAL_KERNEL
DULDDTACH;TECHNICAL_KERNEL
DULDDTACH;TECHNICAL_KERNEL
DULDDTACH;Account_Management
DULDDTACH;Payment_And_Cash_Management
DULDDTAZV;Payment_And_Cash_Management
DULDDTAZV;TECHNICAL_KERNEL
DULDDTAZV;TECHNICAL_KERNEL
DULDDTAZV2;TECHNICAL_KERNEL
DULDDTAZV2;TECHNICAL_KERNEL
DULDDTAZV2;TECHNICAL_KERNEL
DULDDTAZV2;Payment_And_Cash_Management
DULDEUROCH;TECHNICAL_KERNEL
DULDEUROCH;TECHNICAL_KERNEL
DULDFPS;TECHNICAL_KERNEL
DULDFPS;TECHNICAL_KERNEL
DULDFPS;TECHNICAL_KERNEL
DULDFPS;Account_Management
DULDFPS;Payment_And_Cash_Management
DULDFPS;Payment_And_Cash_Management
DULDGLBPT;Payment_And_Cash_Management
DULDGLBPT;TECHNICAL_KERNEL
DULDGLBPT;TECHNICAL_KERNEL
DULDGLBPT;TECHNICAL_KERNEL
DULDGLBPT;Account_Management
DULDGLBPT;Payment_And_Cash_Management
DULDIBOS;TECHNICAL_KERNEL
DULDIBOS;TECHNICAL_KERNEL
DULDIBOS;TECHNICAL_KERNEL
DULDIBOS;Payment_And_Cash_Management
DULDINBKNL;Payment_And_Cash_Management
DULDINBKNL;TECHNICAL_KERNEL
DULDINBKNL;TECHNICAL_KERNEL
DULDINBKNL;TECHNICAL_KERNEL
DULDINBKNL;Payment_And_Cash_Management
DULDINBKNL;Payment_And_Cash_Management
DULDINBKNL;Account_Management
DULDINBKNL;Payment_And_Cash_Management
DULDM101G;Payment_And_Cash_Management
DULDM101G;TECHNICAL_KERNEL
DULDM101G;TECHNICAL_KERNEL
DULDM101G2;Payment_And_Cash_Management
DULDM101G2;TECHNICAL_KERNEL
DULDM101G2;TECHNICAL_KERNEL
DULDM101G2;TECHNICAL_KERNEL
DULDM101G2;Payment_And_Cash_Management
DULDPSTFIN;Payment_And_Cash_Management
DULDPSTFIN;TECHNICAL_KERNEL
DULDPSTFIN;TECHNICAL_KERNEL
DULDPSTFIN;TECHNICAL_KERNEL
DULDRCEPT;Payment_And_Cash_Management
DULDRCEPT;TECHNICAL_KERNEL
DULDRCEPT;TECHNICAL_KERNEL
DULDRCEPT;TECHNICAL_KERNEL
DULDRCEPT;Account_Management
DULDRCEPT;Payment_And_Cash_Management
DULDSCANGB;TECHNICAL_KERNEL
DULDSCANGB;TECHNICAL_KERNEL
DULDSEPA;Payment_And_Cash_Management
DULDSEPA;TECHNICAL_KERNEL
DULDSEPA;TECHNICAL_KERNEL
DULDSEPA;TECHNICAL_KERNEL
DULDSEPA;Payment_And_Cash_Management
DULDSEPA;Account_Management
DULDSWCMI;Payment_And_Cash_Management
DULDSWCMI;TECHNICAL_KERNEL
DULDSWCMI;TECHNICAL_KERNEL
DULDSWCMI;TECHNICAL_KERNEL
DULDSWF;Payment_And_Cash_Management
DULDSWF;TECHNICAL_KERNEL
DULDSWF;TECHNICAL_KERNEL
DULDSWF;TECHNICAL_KERNEL
DULDSWIFT;TECHNICAL_KERNEL
DULDSWIFT;TECHNICAL_KERNEL
DULDSWIFT;TECHNICAL_KERNEL
DULDSWIFT;Payment_And_Cash_Management
DULDSWIFT;Payment_And_Cash_Management
DULDTAXIT;TECHNICAL_KERNEL
DULDTAXIT;Account_Management
DULDTAXIT;TECHNICAL_KERNEL
DULDTAXIT;TECHNICAL_KERNEL
DUMCHANNEL;TECHNICAL_KERNEL
DUMCHANNEL;TECHNICAL_KERNEL
DUNAVIS;TECHNICAL_KERNEL
DUNAVIS;TECHNICAL_KERNEL
DUNAVIS;TECHNICAL_KERNEL
DUNAVIS;Payment_And_Cash_Management
DUNXTPMTDT;TECHNICAL_KERNEL
DUPAGMENTI;Payment_And_Cash_Management
DUPAGMENTI;TECHNICAL_KERNEL
DUPAGMENTI;TECHNICAL_KERNEL
DUPAGMENTI;TECHNICAL_KERNEL
DUPAGMENTI;Account_Management
DUPAGMENTI;Payment_And_Cash_Management
DUPDCONDS;TECHNICAL_KERNEL
DUPDCONDS;TECHNICAL_KERNEL
DUPDCONDS;Payment_And_Cash_Management
DUPMT202;TECHNICAL_KERNEL
DUPMT202;TECHNICAL_KERNEL
DUPMTVAL;TECHNICAL_KERNEL
DUPMTVL202;TECHNICAL_KERNEL
DUPRGDIPTL;TECHNICAL_KERNEL
DUPURDSTOI;TECHNICAL_KERNEL
DUPURSTAT;TECHNICAL_KERNEL
DURECCASH;TECHNICAL_KERNEL
DURECINV;TECHNICAL_KERNEL
DURECINV;TECHNICAL_KERNEL
DUREMPMNT;TECHNICAL_KERNEL
DUREVERSAL;TECHNICAL_KERNEL
DUREVERSAL;TECHNICAL_KERNEL
DUREVERSAL;TECHNICAL_KERNEL
DUREVERSAL;Payment_And_Cash_Management
DUREVERSAL;Payment_And_Cash_Management
DUS101ING;TECHNICAL_KERNEL
DUS101ING;TECHNICAL_KERNEL
DUS101ING;TECHNICAL_KERNEL
DUS101ING;Payment_And_Cash_Management
DUS101ING;Payment_And_Cash_Management
DUSTAT;TECHNICAL_KERNEL
DUSTAT;TECHNICAL_KERNEL
DUSTOXBR;TECHNICAL_KERNEL
DUSTOXBR;TECHNICAL_KERNEL
DUTOSTAT;TECHNICAL_KERNEL
DUTOSTAT;Payment_And_Cash_Management
DUUPDBLK;TECHNICAL_KERNEL
DUUPDREFAC;TECHNICAL_KERNEL
DUXBRTRPTS;TECHNICAL_KERNEL
DUXBRTRPTS;TECHNICAL_KERNEL
DUXBRTRPTS;Payment_And_Cash_Management
DUZEROBA2;TECHNICAL_KERNEL
DUZEROBA2;TECHNICAL_KERNEL
DUZEROBA3;TECHNICAL_KERNEL
DUZEROBA3;TECHNICAL_KERNEL
DUZEROBAL;TECHNICAL_KERNEL
DUZEROBAL;TECHNICAL_KERNEL
IACCM;Payment_And_Cash_Management
IAUTM;Payment_And_Cash_Management
ICDCI;Payment_And_Cash_Management
ICDPI;Payment_And_Cash_Management
ICNDM;Payment_And_Cash_Management
ICOSP;Payment_And_Cash_Management
IICFM;Payment_And_Cash_Management
ILSTMBAL;TECHNICAL_KERNEL
ILSTMTRG;TECHNICAL_KERNEL
ILSTMTRG;TECHNICAL_KERNEL
IOSTM;Payment_And_Cash_Management
ISTMC;Payment_And_Cash_Management
ISTMC;Payment_And_Cash_Management
ISTMZ;Payment_And_Cash_Management
ISTMZ;Payment_And_Cash_Management
ISTPM;Payment_And_Cash_Management
ITOLM;Payment_And_Cash_Management
IUCHKSTM;TECHNICAL_KERNEL
IUCHKSTM;TECHNICAL_KERNEL
IUCHKSTM;Payment_And_Cash_Management
IUCHKSTM;Payment_And_Cash_Management
IUCLNSTM;TECHNICAL_KERNEL
IUCLNSTM;TECHNICAL_KERNEL
IUCLNTBLES;TECHNICAL_KERNEL
IUCNF;TECHNICAL_KERNEL
IUCNF;TECHNICAL_KERNEL
IUCNF2;TECHNICAL_KERNEL
IUCNF2;TECHNICAL_KERNEL
IUCNVNOSRE;TECHNICAL_KERNEL
IUCNVNOSRE;TECHNICAL_KERNEL
IUCNVNOSRE;Payment_And_Cash_Management
IUIPUSWF;TECHNICAL_KERNEL
IUIPUSWF;UNUSED
IUIPUSWF;Payment_And_Cash_Management
IUIPUSWF;TECHNICAL_KERNEL
IUIPUSWF;Payment_And_Cash_Management
IUNOSCHG;TECHNICAL_KERNEL
IUNOSCHG;TECHNICAL_KERNEL
IUNOSCHG2;TECHNICAL_KERNEL
IUNOSCHG2;TECHNICAL_KERNEL
IURINPSWF;TECHNICAL_KERNEL
IURINPSWF;TECHNICAL_KERNEL
IUSTMLST;TECHNICAL_KERNEL
IUSTMLST;TECHNICAL_KERNEL
LOJDCNDO;Payment_And_Cash_Management
LOJICNFS;MDM_Management
LOJPSD;Payment_And_Cash_Management
LULDTARGET;TECHNICAL_KERNEL
LULDTARGET;TECHNICAL_KERNEL
LULDTARGET;Payment_And_Cash_Management
M101C;TECHNICAL_KERNEL
M101C;Payment_And_Cash_Management
M102C;Payment_And_Cash_Management
MIC1C;TECHNICAL_KERNEL
MIC1C;Payment_And_Cash_Management
MICCC;TECHNICAL_KERNEL
MICCC;Payment_And_Cash_Management
MICHA;Payment_And_Cash_Management
MICOD;Payment_And_Cash_Management
MIDDC;TECHNICAL_KERNEL
MIDDC;Account_Management
MIDDC;Payment_And_Cash_Management
MII1C;TECHNICAL_KERNEL
MII1C;Payment_And_Cash_Management
MII3C;TECHNICAL_KERNEL
MII3C;Payment_And_Cash_Management
MIIRC;TECHNICAL_KERNEL
MIIRC;Payment_And_Cash_Management
MIO1C;TECHNICAL_KERNEL
MIO1C;Payment_And_Cash_Management
MIO3C;TECHNICAL_KERNEL
MIO3C;Account_Management
MIO3C;Payment_And_Cash_Management
MIORC;TECHNICAL_KERNEL
MIORC;Payment_And_Cash_Management
MIXXC;TECHNICAL_KERNEL
MIXXC;Payment_And_Cash_Management
MOC1C;TECHNICAL_KERNEL
MOC1C;Payment_And_Cash_Management
MUMKMT100;Account_Management
MUMKMT100;TECHNICAL_KERNEL
MUMKMT100;TECHNICAL_KERNEL
MUPMNTACC;Payment_And_Cash_Management
MUPMNTACC;TECHNICAL_KERNEL
MUPMNTACC;Account_Management
MUPMNTACC;TECHNICAL_KERNEL
MUPMNTACC;TECHNICAL_KERNEL
MUPMNTACC;Account_Management
MUPMNTACC;Payment_And_Cash_Management
RCHDS;Account_Management
RCHQC;Payment_And_Cash_Management
RCHR1;Payment_And_Cash_Management
RCHSC;Payment_And_Cash_Management
RCOCS;Payment_And_Cash_Management
RCODS;Account_Management
RLCHQCLRBA;TECHNICAL_KERNEL
RLCHQCLRBA;TECHNICAL_KERNEL
RLCHQCLRSE;TECHNICAL_KERNEL
RLCHQCLRSE;TECHNICAL_KERNEL
RPTEST;TECHNICAL_KERNEL
RPTEST;TECHNICAL_KERNEL
RUCHQCLRMV;TECHNICAL_KERNEL
RUCHQCLRMV;TECHNICAL_KERNEL
RUCHQPUR;TECHNICAL_KERNEL
RUCHQPUR;TECHNICAL_KERNEL
TOCONDIS;Payment_And_Cash_Management
TUCHGSWFAD;TECHNICAL_KERNEL
GP-120-DPBDOMNT;Payment_And_Cash_Management
GP-126-DFRTO;Payment_And_Cash_Management
GP-128-GLCHG;Account_Management
GP-134-DPBDOTOTAL;Account_Management
GP-149-CHK-ACC;Account_Management
GP-155-FEEDBACK;Payment_And_Cash_Management
GR-003REPERRORS;TECHNICAL_KERNEL
AACDM;TECHNICAL_KERNEL
ACVRM;MDM_Management
ALDLLCBRGE;TECHNICAL_KERNEL
ALDLLCBRGE;TECHNICAL_KERNEL
ALDLLDIBA;TECHNICAL_KERNEL
ALDLLDIBA;TECHNICAL_KERNEL
ALDLLGFRS;TECHNICAL_KERNEL
ALDLLGFRS;TECHNICAL_KERNEL
ALDLLGRP2;TECHNICAL_KERNEL
ALDLLGRP2;TECHNICAL_KERNEL
ALDLLMVT;TECHNICAL_KERNEL
ALDLLMVT;TECHNICAL_KERNEL
ALDLLMVT;TECHNICAL_KERNEL
ALEXCRAT02;TECHNICAL_KERNEL
ALEXCRAT02;TECHNICAL_KERNEL
APPNM;MDM_Management
ARPPM;MDM_Management
ASELM;Account_Management
ATADM;Account_Management
AUBKEAIS;TECHNICAL_KERNEL
AUBKEAIS;TECHNICAL_KERNEL
AUBKEAIS;TECHNICAL_KERNEL
AUCROSSEXR;TECHNICAL_KERNEL
AUCROSSEXR;TECHNICAL_KERNEL
AUCTPSHN;TECHNICAL_KERNEL
AUCTPSHN;TECHNICAL_KERNEL
AUCTPSHN;Account_Management
AUCTPSHN2;TECHNICAL_KERNEL
AUCTPSHN2;TECHNICAL_KERNEL
AUCTPSHN2;MDM_Management
AUCTPSHN2;Financial_Markets
AUCTPSHN2;Account_Management
AUCTPSHN2;Account_Management
AUEXRASP;TECHNICAL_KERNEL
AUEXRASP;TECHNICAL_KERNEL
AUHOLUPD;TECHNICAL_KERNEL
AUHOLUPD;TECHNICAL_KERNEL
AUHOLUPD;MDM_Management
AULDGMEXR;TECHNICAL_KERNEL
AULDGMEXR;TECHNICAL_KERNEL
AULDGMEXR;MDM_Management
AULOADEXR;TECHNICAL_KERNEL
AULOADEXR;TECHNICAL_KERNEL
AUNEWEMU;TECHNICAL_KERNEL
AUPDGMEXR;TECHNICAL_KERNEL
AUSTM942RT;Account_Management
AUSTM942RT;Payment_And_Cash_Management
AUSTMCCR;TECHNICAL_KERNEL
AUSTMCCR;TECHNICAL_KERNEL
AUSTMCCR;Payment_And_Cash_Management
AUSTMTLL;TECHNICAL_KERNEL
AUSTMTLL;TECHNICAL_KERNEL
AUSTMTLL;Payment_And_Cash_Management
CLLDCMDEAL;TECHNICAL_KERNEL
CLLDMMDEAL;TECHNICAL_KERNEL
CLSHRMOST;TECHNICAL_KERNEL
CLSHRMOST;TECHNICAL_KERNEL
CULDCRYRIS;TECHNICAL_KERNEL
CULDCRYRIS;TECHNICAL_KERNEL
DLSWF100;Account_Management
DLSWF100;TECHNICAL_KERNEL
DLSWF100;TECHNICAL_KERNEL
DLSWF100ST;TECHNICAL_KERNEL
DLSWF100ST;TECHNICAL_KERNEL
DRTP1;TECHNICAL_KERNEL
DUDLLTAXIT;Account_Management
DUDLLTAXIT;TECHNICAL_KERNEL
DUDLLTAXIT;TECHNICAL_KERNEL
DUDLLTAXIT;TECHNICAL_KERNEL
DUGCNVOUPL;TECHNICAL_KERNEL
DUGCNVOUPL;TECHNICAL_KERNEL
DUGCNVOUPL;TECHNICAL_KERNEL
DUMADCLRLD;TECHNICAL_KERNEL
DUMADCLRLD;TECHNICAL_KERNEL
DUSWF104;Account_Management
DUSWF104;TECHNICAL_KERNEL
DUSWF104;TECHNICAL_KERNEL
DUSWF104;Payment_And_Cash_Management
GBATM;TECHNICAL_KERNEL
GBTRM;TECHNICAL_KERNEL
GBTST;TECHNICAL_KERNEL
GCNVM;TECHNICAL_KERNEL
GIDPM;TECHNICAL_KERNEL
GLBATCHLST;TECHNICAL_KERNEL
GLBATCHLST;TECHNICAL_KERNEL
GLSECMOEVT;TECHNICAL_KERNEL
GLSECMOEVT;TECHNICAL_KERNEL
GLSECPAUT;TECHNICAL_KERNEL
GLSECPINT;TECHNICAL_KERNEL
GLSECPINT;TECHNICAL_KERNEL
GMONI;TECHNICAL_KERNEL
GPAPF;TECHNICAL_KERNEL
GPAPM;TECHNICAL_KERNEL
GPARX;TECHNICAL_KERNEL
GRTPM;TECHNICAL_KERNEL
GSBSM;TECHNICAL_KERNEL
GSCRM;TECHNICAL_KERNEL
GSMPM;TECHNICAL_KERNEL
GSRIF;TECHNICAL_KERNEL
GUCLEANUP;TECHNICAL_KERNEL
GUERRMSG;TECHNICAL_KERNEL
GUERRMSG;TECHNICAL_KERNEL
GUREPMGR;TECHNICAL_KERNEL
GUREPMGR;TECHNICAL_KERNEL
GUSCHSPBAT;TECHNICAL_KERNEL
GUSWMNRPL;TECHNICAL_KERNEL
GUSWMNRPL;TECHNICAL_KERNEL
GXMLM;TECHNICAL_KERNEL
ICNPC;Financial_Markets
ICNPC;Financial_Markets
ICNPC;Financial_Markets
ICNPC;Financial_Markets
ICNPC;Financial_Markets
ICNSC;TECHNICAL_KERNEL
IIRGM;TECHNICAL_KERNEL
ILBGEOPT;TECHNICAL_KERNEL
ILBGEOPT;TECHNICAL_KERNEL
ILDLYACCFR;TECHNICAL_KERNEL
ILDLYACCFR;TECHNICAL_KERNEL
ILDOCTINV;TECHNICAL_KERNEL
ILDOCTINV;TECHNICAL_KERNEL
ILJUSRAEOM;TECHNICAL_KERNEL
ISOS1;TECHNICAL_KERNEL
ISOS2;TECHNICAL_KERNEL
ISOS3;TECHNICAL_KERNEL
ISOS4;TECHNICAL_KERNEL
ISWCS;MDM_Management
ITXTM;TECHNICAL_KERNEL
IUAUDTBL;TECHNICAL_KERNEL
IUAUDTBLES;TECHNICAL_KERNEL
IUINIWARDT;TECHNICAL_KERNEL
IUIRMACK;TECHNICAL_KERNEL
IWARM;TECHNICAL_KERNEL
IWODM;TECHNICAL_KERNEL
LCCCM;MDM_Management
LCSI4;TECHNICAL_KERNEL
LCSTM;MDM_Management
LHOLM;MDM_Management
LLPMBRAAUT;TECHNICAL_KERNEL
LLPMBRAAUT;TECHNICAL_KERNEL
LOJEOD;TECHNICAL_KERNEL
LOJGPARO;TECHNICAL_KERNEL
LOJHOL;MDM_Management
LOJREFER3;TECHNICAL_KERNEL
LPRCM;TECHNICAL_KERNEL
LSUTC;MDM_Management
LULOADHOL;TECHNICAL_KERNEL
LULOADHOL;TECHNICAL_KERNEL
LULOADHOL;MDM_Management
LUUPDACCOF;TECHNICAL_KERNEL
LUUPDACCOF;TECHNICAL_KERNEL
MUPMNTPRT;TECHNICAL_KERNEL
MUPMNTPRT;TECHNICAL_KERNEL
NPDEF;TECHNICAL_KERNEL
PRDEF;TECHNICAL_KERNEL
PRSIC;TECHNICAL_KERNEL
PRSIF;TECHNICAL_KERNEL
REFER;TECHNICAL_KERNEL
RFMNU;TECHNICAL_KERNEL
RFSEC;TECHNICAL_KERNEL
RMGPARO;TECHNICAL_KERNEL
RPSEC;TECHNICAL_KERNEL
RPSIF;TECHNICAL_KERNEL
SCDEF;TECHNICAL_KERNEL
SCSEC;TECHNICAL_KERNEL
SCSIF;TECHNICAL_KERNEL
SCSIM;TECHNICAL_KERNEL
TODACCO;Account_Management
TODACCO;Account_Management
TODACCO;Account_Management
TODACCO;MDM_Management
TODACCO;Account_Management
TODACCO;Account_Management
TODACCO;Finance
TOMCUST;TECHNICAL_KERNEL
TOMCUST;Account_Management
TOMCUST;Account_Management
TOMCUST;Account_Management
TOMCUST;Account_Management
TSHNM;UNUSED
UPDGPARO;TECHNICAL_KERNEL
GP-112-DEAL;TECHNICAL_KERNEL
GP-133PRFILNM;TECHNICAL_KERNEL
GP-171-SWMSGST;Payment_And_Cash_Management
GR-003REPERRORS;TECHNICAL_KERNEL
IP-016GET-ISAVO;TECHNICAL_KERNEL
ALDLLATLAS;TECHNICAL_KERNEL
ALDLLATLAS;TECHNICAL_KERNEL
ALDLLCBRAT;TECHNICAL_KERNEL
ALDLLCBRAT;TECHNICAL_KERNEL
ALKOLCONF;TECHNICAL_KERNEL
ALKOLCONF;TECHNICAL_KERNEL
ALLACBNK;TECHNICAL_KERNEL
ALLACBNK;TECHNICAL_KERNEL
CPBCA;UNUSED
CSSHM;UNUSED
DLCHKIBOS;TECHNICAL_KERNEL
DLCHKIBOS;TECHNICAL_KERNEL
DLDLLGPIT;TECHNICAL_KERNEL
DLDLLGPIT;TECHNICAL_KERNEL
DLDLLSIB;TECHNICAL_KERNEL
DLDPTROES;TECHNICAL_KERNEL
DLDPTROES;TECHNICAL_KERNEL
DLICMREK;TECHNICAL_KERNEL
DLICMREK;TECHNICAL_KERNEL
DLICMSTI;TECHNICAL_KERNEL
DLICMSTI;TECHNICAL_KERNEL
DLLSTILACC;TECHNICAL_KERNEL
DLLSTILACC;TECHNICAL_KERNEL
DLNBREPNL1;TECHNICAL_KERNEL
DLSTCDREP;TECHNICAL_KERNEL
DLSTCDREP;TECHNICAL_KERNEL
DLUPOS;TECHNICAL_KERNEL
DUCLRBLKAM;TECHNICAL_KERNEL
DUDLLBE04;Account_Management
DUDLLBE04;TECHNICAL_KERNEL
DUDLLSLBE;Account_Management
DUDLLSLBE;TECHNICAL_KERNEL
DUDOCGEN;TECHNICAL_KERNEL
DULDSLBE;Payment_And_Cash_Management
DULDSLBE;Payment_And_Cash_Management
DULDSLBE;TECHNICAL_KERNEL
DULDSLBE;TECHNICAL_KERNEL
DULDSLBE;TECHNICAL_KERNEL
DULDSLBE;Account_Management
DULDSLBE;Payment_And_Cash_Management
ILAFFLOADN;TECHNICAL_KERNEL
ILAFFLOADN;TECHNICAL_KERNEL
ILAUDIT;TECHNICAL_KERNEL
ILAUDIT;TECHNICAL_KERNEL
ILAUTDCSTA;TECHNICAL_KERNEL
IUCHGCTP;TECHNICAL_KERNEL
IUCHGCTP;TECHNICAL_KERNEL
IUCHGCTP;Finance
LLDLLRDS;TECHNICAL_KERNEL
MUMKMT101;Account_Management
MUMKMT101;TECHNICAL_KERNEL
MUMKMT101;TECHNICAL_KERNEL
GP-128-GLCHG;Account_Management
GP-134-DPBDOTOTAL;Account_Management
GR-003REPERRORS;TECHNICAL_KERNEL
